version https://git-lfs.github.com/spec/v1
oid sha256:5cf58671bc5f7169c49ff9225e645eb7b879f11f029f0020be741f60845097de
size 25474
