version https://git-lfs.github.com/spec/v1
oid sha256:8ae5b64d498aac82951fd5e1ecfac22a4a268e52c3e0b7d29547b76e2bd8f280
size 2791
