version https://git-lfs.github.com/spec/v1
oid sha256:549b5e407884bf1dfec8b3d306966195ee1830c10b45e282449b891821967464
size 2087
