version https://git-lfs.github.com/spec/v1
oid sha256:3fb8c1e761f622f08d877c523db04f4be26e07ecc62c4188538506de10d9b848
size 3497
