version https://git-lfs.github.com/spec/v1
oid sha256:0d6c4c352e01ba64518ef79a8a23e8f83157ecc432961e9ff65730516f75f6a7
size 9585
