version https://git-lfs.github.com/spec/v1
oid sha256:e745523aaccc708431a983dd8e7f6b2b1d9417beddbe83503fd557b195b720f4
size 4194
