,Date,Open,High,Low,Close,Volume,Chg,% Chg,Adj. Close,Trade Val,# Trades
1,11/01/16,50.43,50.50,49.5101,49.78,938760,-0.35,-0.70%,49.78,46.82m,7257
2,10/31/16,51.45,51.45,49.53,50.13,1235692,-1.48,-2.87%,50.13,61.94m,8232
3,10/28/16,51.94,52.06,51.38,51.61,1428072,-0.51,-0.98%,51.61,73.69m,8657
4,10/27/16,52.69,52.93,51.87,52.12,2111910,-0.29,-0.55%,52.12,110.28m,12970
5,10/26/16,53.08,53.12,52.31,52.41,1135935,-0.65,-1.23%,52.41,59.74m,8811
6,10/25/16,50.80,53.38,49.76,53.06,2048505,4.63,9.56%,53.06,107.29m,15176
7,10/24/16,47.06,49.29,47.06,48.43,1029785,1.63,3.48%,48.43,49.91m,7876
8,10/21/16,46.00,46.90,45.74,46.80,866421,0.68,1.47%,46.80,40.23m,4915
9,10/20/16,46.83,47.00,46.01,46.12,543204,-0.75,-1.60%,46.12,25.11m,2787
10,10/19/16,47.20,47.77,46.69,46.87,694841,-0.30,-0.64%,46.87,32.65m,4224
11,10/18/16,47.25,48.25,47.13,47.17,777626,0.43,0.92%,47.17,36.95m,6057
12,10/17/16,46.64,47.04,45.73,46.74,888222,-0.31,-0.66%,46.74,41.4m,6736
13,10/14/16,45.99,47.54,45.99,47.05,881267,1.19,2.59%,47.05,41.46m,5860
14,10/13/16,46.20,46.52,45.75,45.86,905741,-0.77,-1.65%,45.86,41.69m,6822
15,10/12/16,45.91,46.73,45.02,46.63,728394,0.73,1.59%,46.63,33.73m,6008
16,10/11/16,46.70,46.72,45.39,45.90,811504,-0.79,-1.69%,45.90,37.16m,6782
17,10/10/16,45.82,46.77,45.82,46.69,624797,0.98,2.14%,46.69,29.11m,4189
18,10/07/16,46.00,46.25,45.26,45.71,602291,-0.32,-0.70%,45.71,27.52m,5368
19,10/06/16,45.66,46.21,45.64,46.03,646178,-0.01,-0.02%,46.03,29.72m,5358
20,10/05/16,45.49,46.49,45.49,46.04,921227,0.70,1.54%,46.04,42.44m,7291
21,10/04/16,46.19,46.62,45.09,45.34,1291793,-1.10,-2.37%,45.34,58.82m,10163
22,10/03/16,46.58,47.38,46.26,46.44,415226,0.08,0.17%,46.44,19.33m,3556
23,09/30/16,46.75,47.10,46.01,46.36,694642,-0.54,-1.15%,46.36,32.19m,6005
24,09/29/16,47.02,47.44,46.17,46.90,663843,0.20,0.43%,46.90,31.07m,5308
25,09/28/16,47.20,47.255,45.96,46.70,679458,-0.47,-1.00%,46.70,31.69m,5953
26,09/27/16,46.91,47.40,46.24,47.17,1492715,0.68,1.46%,47.17,70.01m,10954
27,09/26/16,46.97,47.06,45.85,46.49,839500,-0.82,-1.73%,46.49,38.91m,6501
28,09/23/16,47.61,47.68,47.09,47.31,976928,-0.74,-1.54%,47.31,46.27m,8471
29,09/22/16,47.01,48.37,47.01,48.05,1017609,0.98,2.08%,48.05,48.79m,8031
30,09/21/16,46.48,47.19,46.12,47.07,785781,0.71,1.53%,47.07,36.64m,5746
31,09/20/16,46.56,47.04,46.35,46.36,928196,-0.20,-0.43%,46.36,43.27m,7007
32,09/19/16,47.00,47.40,46.36,46.56,896991,-0.27,-0.58%,46.56,41.77m,6358
33,09/16/16,48.15,48.16,46.56,46.83,1601919,-1.52,-3.14%,46.83,75.4m,10480
34,09/15/16,45.43,48.41,45.43,48.35,1667308,3.09,6.83%,48.35,79.53m,12394
35,09/14/16,45.31,45.51,44.66,45.26,1403888,0.11,0.24%,45.26,63.18m,8327
36,09/13/16,44.69,45.90,44.15,45.15,3147323,0.38,0.85%,45.15,140.91m,12790
37,09/12/16,43.45,44.95,43.1332,44.77,2163321,0.58,1.31%,44.77,96.02m,15501
38,09/09/16,43.86,44.51,42.86,44.19,1696113,0.20,0.45%,44.19,74.72m,14287
39,09/08/16,43.90,44.68,43.62,43.99,1681654,-0.55,-1.23%,43.99,74.04m,11505
40,09/07/16,43.96,45.00,43.81,44.54,2563794,0.49,1.11%,44.54,114.19m,17138
41,09/06/16,42.68,44.54,42.68,44.05,2213560,1.91,4.53%,44.05,97.09m,16233
42,09/05/16,,,,42.14,0,,0.00%,42.14,,
43,09/02/16,41.19,42.38,41.19,42.14,1863989,1.43,3.51%,42.14,78.31m,11078
44,09/01/16,39.50,40.73,39.31,40.71,1464477,1.23,3.12%,40.71,58.98m,11289
45,08/31/16,40.44,40.79,39.41,39.48,1264624,-1.18,-2.90%,39.48,50.25m,8542
46,08/30/16,40.28,40.695,40.20,40.66,630526,0.38,0.94%,40.66,25.52m,6084
47,08/29/16,40.38,40.90,40.10,40.28,1126928,-0.15,-0.37%,40.28,45.56m,6497
48,08/26/16,40.23,40.62,40.14,40.43,1434948,0.36,0.90%,40.43,57.9m,9124
49,08/25/16,39.50,40.57,39.3942,40.07,1054835,0.48,1.21%,40.07,42.35m,7783
50,08/24/16,41.43,41.43,39.38,39.59,1478580,-1.95,-4.69%,39.59,59.33m,11231
51,08/23/16,41.79,42.00,41.1545,41.54,1362107,-0.20,-0.48%,41.54,56.63m,6153
52,08/22/16,42.84,43.08,41.56,41.74,1132134,-1.07,-2.50%,41.74,47.34m,7696
53,08/19/16,42.10,42.9801,41.93,42.81,1644531,0.71,1.69%,42.81,69.65m,6668
54,08/18/16,42.50,42.72,41.97,42.10,907439,-0.24,-0.57%,42.10,38.28m,7501
55,08/17/16,42.82,42.84,42.16,42.34,554241,-0.40,-0.94%,42.34,23.52m,4933
56,08/16/16,42.49,42.86,41.78,42.74,816973,0.27,0.64%,42.74,34.74m,6241
57,08/15/16,42.82,43.35,42.32,42.47,1300860,-0.22,-0.52%,42.47,55.56m,9858
58,08/12/16,42.73,42.815,42.285,42.69,755815,-0.09,-0.21%,42.69,32.26m,5474
59,08/11/16,42.73,43.07,42.49,42.78,1119825,0.05,0.12%,42.78,47.91m,7749
60,08/10/16,42.82,43.15,42.61,42.73,766956,0.11,0.26%,42.73,32.78m,5396
61,08/09/16,43.29,43.48,42.33,42.62,1256980,-0.64,-1.48%,42.62,53.74m,7963
62,08/08/16,43.69,43.69,43.14,43.26,1041187,-0.15,-0.35%,43.26,45.06m,6786
63,08/05/16,42.38,43.6758,42.20,43.41,944376,1.15,2.72%,43.41,40.87m,5677
64,08/04/16,42.18,42.63,42.04,42.26,716929,0.05,0.12%,42.26,30.34m,4962
65,08/03/16,42.45,42.70,42.05,42.21,445614,-0.16,-0.38%,42.21,18.88m,3707
66,08/02/16,43.04,43.41,42.24,42.37,963173,-0.72,-1.67%,42.37,40.92m,6811
67,08/01/16,44.16,44.50,43.05,43.09,1301177,-0.97,-2.20%,43.09,56.36m,9345
68,07/29/16,44.81,45.07,43.73,44.06,1280261,-1.06,-2.35%,44.06,56.46m,9074
69,07/28/16,44.35,45.37,44.27,45.12,1372778,0.81,1.83%,45.12,61.76m,7578
70,07/27/16,44.48,44.55,44.09,44.31,918383,-0.04,-0.09%,44.31,40.7m,6368
71,07/26/16,44.06,44.61,44.06,44.35,1579992,0.34,0.77%,44.35,70.21m,10428
72,07/25/16,44.35,44.4399,43.171,44.01,996162,-0.37,-0.83%,44.01,43.61m,7960
73,07/22/16,44.21,44.67,44.05,44.38,1131040,-0.03,-0.07%,44.38,50.2m,7408
74,07/21/16,44.63,44.95,44.03,44.41,1296199,-0.16,-0.36%,44.41,57.53m,7970
75,07/20/16,40.07,45.15,40.01,44.57,3792925,2.79,6.68%,44.57,164.49m,21319
76,07/19/16,41.06,42.03,41.06,41.78,2959408,0.69,1.68%,41.78,123.45m,12578
77,07/18/16,41.60,41.905,41.03,41.09,1098567,-0.40,-0.96%,41.09,45.42m,8526
78,07/15/16,41.30,41.93,40.551,41.49,1181437,0.02,0.05%,41.49,48.83m,7821
79,07/14/16,41.12,41.57,40.96,41.47,1070903,0.40,0.97%,41.47,44.24m,6126
80,07/13/16,41.00,41.27,40.90,41.07,1025174,0.14,0.34%,41.07,42.1m,7468
81,07/12/16,42.27,42.60,40.90,40.93,1122961,-0.91,-2.17%,40.93,46.4m,7553
82,07/11/16,41.86,42.61,41.55,41.84,1087390,0.14,0.34%,41.84,45.51m,8014
83,07/08/16,41.70,42.19,41.57,41.70,585582,0.09,0.22%,41.70,24.43m,4620
84,07/07/16,41.43,42.29,41.20,41.61,1206553,0.16,0.39%,41.61,50.36m,7893
85,07/06/16,42.15,42.77,41.07,41.45,834527,-1.12,-2.63%,41.45,34.62m,6366
86,07/05/16,42.48,42.92,41.86,42.57,4680955,0.51,1.21%,42.57,199.17m,20960
87,07/04/16,,,,42.06,0,,0.00%,42.06,,
88,07/01/16,42.00,42.32,41.74,42.06,2361582,0.18,0.43%,42.06,99.17m,10436
89,06/30/16,41.93,42.04,41.65,41.88,1814991,0.15,0.36%,41.88,75.96m,9433
90,06/29/16,41.57,41.94,41.23,41.73,1569456,0.78,1.90%,41.73,65.28m,10312
91,06/28/16,41.37,41.99,40.86,40.95,2462371,0.01,0.02%,40.95,102.48m,6581
92,06/27/16,41.00,41.19,39.98,40.94,1275163,-0.10,-0.24%,40.94,51.81m,9820
93,06/24/16,38.88,41.19,38.83,41.04,833909,0.25,0.61%,41.04,34.07m,5710
94,06/23/16,41.24,41.28,40.2701,40.79,942666,-0.21,-0.51%,40.79,38.32m,6277
95,06/22/16,40.49,41.20,40.48,41.00,1902200,0.46,1.13%,41.00,77.87m,7265
96,06/21/16,40.39,40.54,40.04,40.54,824613,0.39,0.97%,40.54,33.31m,5915
97,06/20/16,40.42,40.6699,39.845,40.15,686310,0.13,0.32%,40.15,27.5m,5565
98,06/17/16,39.66,40.59,39.54,40.02,1639243,0.21,0.53%,40.02,65.53m,10716
99,06/16/16,39.08,39.87,38.27,39.81,1521809,0.39,0.99%,39.81,59.92m,10713
100,06/15/16,39.00,39.67,38.55,39.42,1133662,0.58,1.49%,39.42,44.36m,7805
101,06/14/16,38.56,39.02,38.11,38.84,779910,0.38,0.99%,38.84,30.15m,6413
102,06/13/16,38.66,39.30,38.41,38.46,935562,-0.52,-1.33%,38.46,36.2m,6304
103,06/10/16,38.37,39.64,38.33,38.98,1880267,0.12,0.31%,38.98,73.41m,13056
104,06/09/16,39.18,40.22,38.59,38.86,2545484,-0.26,-0.66%,38.86,100.19m,17285
105,06/08/16,42.80,42.83,38.89,39.12,3489890,-3.71,-8.66%,39.12,139.66m,22464
106,06/07/16,42.97,43.42,42.67,42.83,988439,-0.13,-0.30%,42.83,42.45m,6196
107,06/06/16,43.16,43.49,42.80,42.96,1395804,-0.06,-0.14%,42.96,60.13m,8843
108,06/03/16,43.12,43.54,42.775,43.02,1002527,-0.05,-0.12%,43.02,43.23m,7246
109,06/02/16,42.02,43.26,41.93,43.07,1290184,0.98,2.33%,43.07,55.4m,9734
110,06/01/16,42.19,42.25,41.47,42.09,1762876,-0.16,-0.38%,42.09,73.87m,11472
111,05/31/16,43.50,43.58,41.85,42.25,13051136,-0.28,-0.66%,42.25,553.24m,31668
112,05/30/16,,,,42.53,0,,0.00%,42.53,,
113,05/27/16,41.70,43.02,41.68,42.53,1179113,0.82,1.97%,42.53,50.21m,9635
114,05/26/16,41.38,41.99,41.105,41.71,1151831,0.51,1.24%,41.71,47.9m,8102
115,05/25/16,42.75,42.98,40.72,41.20,1888718,-1.67,-3.90%,41.20,77.98m,11281
116,05/24/16,41.91,42.99,41.54,42.87,1225957,1.37,3.30%,42.87,52.25m,9811
117,05/23/16,40.91,42.89,40.86,41.50,2401385,0.45,1.10%,41.50,101.03m,14326
118,05/20/16,40.80,41.07,40.202,41.05,1193648,0.47,1.16%,41.05,48.8m,7446
119,05/19/16,39.46,40.65,39.02,40.58,811403,0.96,2.42%,40.58,32.77m,6844
120,05/18/16,39.70,39.99,39.01,39.62,1021006,-0.09,-0.23%,39.62,40.39m,8163
121,05/17/16,41.41,41.59,39.6201,39.71,1640321,-1.56,-3.78%,39.71,66.55m,11793
122,05/16/16,40.00,41.67,39.92,41.27,2425030,1.60,4.03%,41.27,99.63m,16835
123,05/13/16,39.97,40.03,39.24,39.67,926906,-0.62,-1.54%,39.67,36.78m,8000
124,05/12/16,39.40,40.43,39.09,40.29,1550214,0.73,1.85%,40.29,62.27m,7789
125,05/11/16,40.38,40.41,39.27,39.56,605489,-0.82,-2.03%,39.56,24.03m,4519
126,05/10/16,39.57,40.48,39.53,40.38,967892,1.00,2.54%,40.38,38.91m,7488
127,05/09/16,39.80,39.91,39.14,39.38,745997,-0.35,-0.88%,39.38,29.51m,6140
128,05/06/16,39.19,39.7999,38.68,39.73,578936,0.27,0.68%,39.73,22.84m,4984
129,05/05/16,39.49,40.24,39.19,39.46,1156403,0.04,0.10%,39.46,45.92m,7854
130,05/04/16,38.97,39.49,38.70,39.42,1091014,0.27,0.69%,39.42,42.9m,7552
131,05/03/16,39.04,39.42,38.78,39.15,1393914,-0.05,-0.13%,39.15,54.44m,8831
132,05/02/16,39.65,39.92,38.93,39.20,735620,0.04,0.10%,39.20,28.83m,5425
133,04/29/16,39.07,39.60,38.59,39.16,1083525,-0.19,-0.48%,39.16,42.39m,7836
134,04/28/16,39.35,39.87,39.06,39.35,1144039,-0.32,-0.81%,39.35,45.24m,8102
135,04/27/16,40.00,40.05,39.56,39.67,2164543,-0.28,-0.70%,39.67,86.03m,9473
136,04/26/16,40.00,40.05,39.46,39.95,1547837,-0.02,-0.05%,39.95,61.72m,7727
137,04/25/16,39.82,40.00,39.53,39.97,906673,0.21,0.53%,39.97,36.14m,7015
138,04/22/16,40.35,40.67,39.16,39.76,1024655,-0.77,-1.90%,39.76,40.68m,6616
139,04/21/16,39.30,40.71,39.08,40.53,2655427,1.23,3.13%,40.53,105.61m,9997
140,04/20/16,39.50,39.96,38.90,39.30,2257556,-0.24,-0.61%,39.30,89m,11356
141,04/19/16,37.35,39.93,37.26,39.54,3669769,3.28,9.05%,39.54,143.07m,24019
142,04/18/16,35.54,36.67,35.39,36.26,1351950,0.72,2.03%,36.26,48.96m,10527
143,04/15/16,35.15,35.67,35.00,35.54,1026960,0.25,0.71%,35.54,36.34m,7723
144,04/14/16,35.58,35.83,34.92,35.29,1164250,-0.20,-0.56%,35.29,41.22m,8467
145,04/13/16,34.83,35.92,34.56,35.49,2003981,1.01,2.93%,35.49,70.98m,13062
146,04/12/16,36.36,36.55,34.20,34.48,1781025,-1.78,-4.91%,34.48,61.97m,13166
147,04/11/16,36.31,36.57,35.86,36.26,1210263,0.37,1.03%,36.26,43.78m,9006
148,04/08/16,35.14,36.48,34.965,35.89,902338,0.94,2.69%,35.89,32.41m,6547
149,04/07/16,34.61,35.54,34.51,34.95,987844,0.25,0.72%,34.95,34.54m,7055
150,04/06/16,33.62,35.48,33.48,34.70,1660754,1.15,3.43%,34.70,57.25m,10614
1,04/05/16,34.58,34.58,33.47,33.55,1318966,-1.23,-3.54%,33.55,44.34m,8587
2,04/04/16,34.92,35.17,34.50,34.78,377683,-0.03,-0.09%,34.78,13.15m,3308
3,04/01/16,34.46,34.99,33.84,34.81,855801,0.22,0.64%,34.81,29.42m,5535
4,03/31/16,35.60,35.91,34.40,34.59,1740819,-1.30,-3.62%,34.59,60.42m,10571
5,03/30/16,34.96,36.26,34.59,35.89,1893489,1.02,2.93%,35.89,67.58m,11176
6,03/29/16,34.11,35.11,33.92,34.87,1274405,0.60,1.75%,34.87,44.3m,8612
7,03/28/16,34.85,34.85,33.97,34.27,534560,-0.61,-1.75%,34.27,18.28m,3771
8,03/25/16,,,,34.88,0,,0.00%,34.88,,
9,03/24/16,34.14,35.19,33.84,34.88,566205,0.65,1.90%,34.88,19.74m,4628
10,03/23/16,34.35,34.83,34.15,34.23,1059476,-0.23,-0.67%,34.23,36.43m,5688
11,03/22/16,34.15,34.7243,33.885,34.46,1856008,0.15,0.44%,34.46,63.71m,12888
12,03/21/16,35.91,36.09,34.27,34.31,1919471,-1.59,-4.43%,34.31,67.21m,10523
13,03/18/16,35.41,36.75,35.385,35.90,2148202,-0.09,-0.25%,35.90,77.21m,13172
14,03/17/16,33.39,36.02,33.39,35.99,1754031,2.60,7.79%,35.99,61.66m,13485
15,03/16/16,33.52,33.68,33.14,33.39,924511,-0.15,-0.45%,33.39,30.87m,5994
16,03/15/16,33.96,34.19,33.46,33.54,928022,-0.42,-1.24%,33.54,31.29m,0
17,03/14/16,33.00,34.10,32.85,33.96,1500423,1.11,3.38%,33.96,50.74m,0
18,03/11/16,32.76,33.21,32.51,32.85,804475,0.34,1.05%,32.85,26.45m,0
19,03/10/16,32.15,32.67,32.10,32.51,1316296,0.42,1.31%,32.51,42.75m,8939
20,03/09/16,31.79,32.25,31.70,32.09,952678,0.44,1.39%,32.09,30.46m,6747
21,03/08/16,30.36,31.85,30.01,31.65,1083802,1.22,4.01%,31.65,33.98m,8152
22,03/07/16,31.03,31.11,30.28,30.43,733750,-0.64,-2.06%,30.43,22.45m,4949
23,03/04/16,31.85,31.865,30.82,31.07,624182,-0.73,-2.30%,31.07,19.4m,4717
24,03/03/16,31.65,31.87,31.65,31.80,654149,0.11,0.35%,31.80,20.78m,4368
25,03/02/16,32.26,32.4389,31.51,31.69,648884,-0.63,-1.95%,31.69,20.75m,3358
26,03/01/16,31.39,32.42,31.17,32.32,981063,1.19,3.82%,32.32,31.58m,6806
27,02/29/16,31.15,31.26,30.66,31.13,1047915,-0.13,-0.42%,31.13,32.49m,6375
28,02/26/16,31.92,32.30,30.973,31.26,865637,-0.63,-1.98%,31.26,27.38m,5995
29,02/25/16,31.83,31.98,31.49,31.89,726679,0.00,0.00%,31.89,23.15m,5470
30,02/24/16,31.35,32.00,30.89,31.89,1527681,0.21,0.66%,31.89,47.89m,10154
31,02/23/16,31.51,31.86,31.27,31.68,900265,-0.09,-0.28%,31.68,28.51m,7620
32,02/22/16,31.81,32.035,31.51,31.77,864867,0.23,0.73%,31.77,27.45m,5970
33,02/19/16,30.86,31.66,30.61,31.54,737174,0.56,1.81%,31.54,23.09m,5036
34,02/18/16,31.13,31.27,30.73,30.98,1853518,0.14,0.45%,30.98,57.39m,10203
35,02/17/16,31.35,31.508,30.63,30.84,1089929,-0.24,-0.77%,30.84,33.76m,7789
36,02/16/16,30.30,31.74,30.11,31.08,2053589,1.57,5.32%,31.08,63.84m,12961
37,02/15/16,,,,29.51,0,,0.00%,29.51,,
38,02/12/16,29.19,29.70,28.83,29.51,1325347,0.66,2.29%,29.51,39.06m,7446
39,02/11/16,28.87,29.19,28.62,28.85,1253445,-0.44,-1.50%,28.85,36.34m,7452
40,02/10/16,28.98,29.80,28.57,29.29,1417388,0.43,1.49%,29.29,41.58m,7538
41,02/09/16,29.05,29.43,28.43,28.86,1547889,-0.33,-1.13%,28.86,44.81m,9669
42,02/08/16,29.92,29.95,28.76,29.19,1179667,-1.00,-3.31%,29.19,34.5m,7760
43,02/05/16,31.41,31.41,30.03,30.19,792244,-1.27,-4.04%,30.19,24.1m,5829
44,02/04/16,32.75,32.91,31.16,31.46,1667165,-0.88,-2.72%,31.46,53.18m,11054
45,02/03/16,32.38,32.53,31.80,32.34,2809240,0.29,0.90%,32.34,90.59m,14541
46,02/02/16,31.92,32.32,31.62,32.05,1420547,0.04,0.12%,32.05,45.5m,9252
47,02/01/16,31.40,32.32,31.39,32.01,1727659,0.60,1.91%,32.01,55.23m,9941
48,01/29/16,30.50,31.64,30.47,31.41,1626260,0.96,3.15%,31.41,50.8m,9463
49,01/28/16,30.58,30.93,30.32,30.45,1762960,0.21,0.69%,30.45,53.84m,10493
50,01/27/16,29.82,30.40,29.65,30.24,2456378,0.57,1.92%,30.24,74.07m,15443
51,01/26/16,29.43,29.89,29.34,29.67,2388401,0.27,0.92%,29.67,70.61m,10163
52,01/25/16,29.67,29.93,29.36,29.40,1367697,-0.19,-0.64%,29.40,40.5m,9005
53,01/22/16,29.18,29.61,28.965,29.59,1401901,0.72,2.49%,29.59,41.23m,8260
54,01/21/16,28.81,29.16,28.44,28.87,1887656,0.22,0.77%,28.87,54.66m,10519
55,01/20/16,28.61,29.2523,28.17,28.65,1985132,-0.24,-0.83%,28.65,56.85m,11211
56,01/19/16,30.00,30.71,28.66,28.89,3083718,1.00,3.59%,28.89,90.03m,20524
57,01/18/16,,,,27.89,0,,0.00%,27.89,,
58,01/15/16,28.07,28.30,27.615,27.89,1660725,-0.48,-1.69%,27.89,46.37m,12721
59,01/14/16,28.26,28.81,28.04,28.37,1906200,0.26,0.92%,28.37,54.33m,9358
60,01/13/16,28.65,28.77,27.77,28.11,1281572,-0.46,-1.61%,28.11,36.24m,7886
61,01/12/16,28.15,28.74,28.15,28.57,2109953,0.69,2.47%,28.57,60.21m,12383
62,01/11/16,27.68,28.19,27.50,27.88,2166754,-0.08,-0.29%,27.88,60.41m,10161
63,01/08/16,27.72,28.28,27.55,27.96,2644862,0.48,1.75%,27.96,73.77m,12418
64,01/07/16,28.64,28.64,27.40,27.48,2784224,-1.49,-5.14%,27.48,77.71m,16484
65,01/06/16,28.86,29.36,28.82,28.97,2903563,-0.30,-1.02%,28.97,84.33m,15708
66,01/05/16,29.75,30.06,29.24,29.27,1906567,-0.18,-0.61%,29.27,56.48m,14134
67,01/04/16,30.79,30.79,29.41,29.45,1804966,-1.92,-6.12%,29.45,53.89m,12387
68,01/01/16,,,,31.37,0,,0.00%,31.37,,
69,12/31/15,31.58,31.6199,31.07,31.37,456691,-0.23,-0.73%,31.37,14.35m,3510
70,12/30/15,32.25,32.48,31.54,31.60,623853,-0.64,-1.99%,31.60,19.82m,4866
71,12/29/15,32.84,32.884,32.10,32.24,1016800,-0.35,-1.07%,32.24,32.88m,6086
72,12/28/15,32.57,32.76,32.20,32.59,1244159,-0.17,-0.52%,32.59,40.44m,6708
73,12/24/15,32.56,32.90,32.56,32.76,243013,0.09,0.28%,32.76,7.96m,2152
74,12/23/15,32.66,32.88,32.50,32.67,603225,0.22,0.68%,32.67,19.72m,4917
75,12/22/15,32.94,32.94,32.09,32.45,855011,-0.49,-1.49%,32.45,27.8m,6055
76,12/21/15,33.09,33.48,32.69,32.94,1050973,-0.01,-0.03%,32.94,34.54m,7937
77,12/18/15,32.53,33.08,32.468,32.95,1484670,0.03,0.09%,32.95,48.71m,9026
78,12/17/15,33.12,33.425,32.82,32.92,3034798,0.00,0.00%,32.92,100.26m,14880
79,12/16/15,33.00,33.30,32.62,32.92,1956910,0.02,0.06%,32.92,64.4m,9692
80,12/15/15,32.32,33.56,32.11,32.90,2563759,0.90,2.81%,32.90,84.72m,14137
81,12/14/15,31.77,32.04,31.76,32.00,1378252,0.07,0.22%,32.00,44.02m,10218
82,12/11/15,31.89,32.13,31.584,31.93,1468636,-0.22,-0.68%,31.93,46.84m,11533
83,12/10/15,32.09,32.38,31.65,32.15,1419794,0.23,0.72%,32.15,45.53m,10025
84,12/09/15,32.27,32.56,31.70,31.92,1498541,-0.40,-1.24%,31.92,48.09m,8836
85,12/08/15,31.77,32.43,31.51,32.32,1652912,0.72,2.28%,32.32,53.17m,13431
86,12/07/15,31.28,32.0299,31.24,31.60,1930909,0.22,0.70%,31.60,61.33m,11439
87,12/04/15,31.25,31.425,31.00,31.38,1382062,0.20,0.64%,31.38,43.28m,7964
88,12/03/15,31.14,31.415,30.86,31.18,1705805,0.01,0.03%,31.18,53.28m,8486
89,12/02/15,30.72,31.31,30.62,31.17,1445832,0.54,1.76%,31.17,44.98m,10311
90,12/01/15,29.02,30.63,28.99,30.63,2658926,1.61,5.55%,30.63,79.67m,20365
91,11/30/15,29.91,29.96,28.85,29.02,10326056,-0.64,-2.16%,29.02,300.29m,21935
92,11/27/15,30.16,30.20,28.6201,29.66,1059810,-0.71,-2.34%,29.66,31.14m,8855
93,11/25/15,30.07,30.95,30.05,30.37,2398180,0.32,1.06%,30.37,72.9m,15691
94,11/24/15,29.88,30.19,29.76,30.05,1130983,-0.11,-0.36%,30.05,33.96m,8698
95,11/23/15,30.18,30.43,29.88,30.16,1425719,0.02,0.07%,30.16,42.89m,11552
96,11/20/15,30.53,30.984,30.05,30.14,1390344,-0.11,-0.36%,30.14,42.23m,9433
97,11/19/15,28.77,30.35,28.61,30.25,1631352,1.54,5.36%,30.25,48.44m,10771
98,11/18/15,28.38,28.79,28.145,28.71,1644634,0.48,1.70%,28.71,46.79m,9688
99,11/17/15,28.53,28.66,27.80,28.23,1034518,-0.13,-0.46%,28.23,29.18m,7961
100,11/16/15,28.66,29.06,28.15,28.36,1552366,-0.52,-1.80%,28.36,44.41m,9013
101,11/13/15,28.93,29.56,28.66,28.88,1121660,0.05,0.17%,28.88,32.65m,9234
102,11/12/15,28.60,29.65,28.52,28.83,1549124,0.19,0.66%,28.83,45.15m,10122
103,11/11/15,28.25,28.85,27.94,28.64,901513,0.39,1.38%,28.64,25.69m,7351
104,11/10/15,28.04,28.30,27.46,28.25,1006533,-0.06,-0.21%,28.25,28.1m,6652
105,11/09/15,28.51,28.73,28.15,28.31,1019424,-0.45,-1.56%,28.31,28.89m,7269
106,11/06/15,28.05,28.81,27.81,28.76,853220,0.60,2.13%,28.76,24.27m,6759
107,11/05/15,28.00,28.42,27.90,28.16,574822,0.16,0.57%,28.16,16.18m,5102
108,11/04/15,27.88,28.28,27.76,28.00,894998,0.14,0.50%,28.00,25.04m,6871
109,11/03/15,27.69,27.98,27.56,27.86,1170670,0.19,0.69%,27.86,32.5m,8258
110,11/02/15,27.49,27.82,27.13,27.67,1267896,0.16,0.58%,27.67,34.78m,9103
111,10/30/15,27.72,27.99,27.10,27.51,1136289,-0.22,-0.79%,27.51,31.13m,7404
112,10/29/15,27.00,28.69,26.77,27.73,2567298,0.86,3.20%,27.73,71.5m,14735
113,10/28/15,26.58,27.16,26.50,26.87,1264740,0.28,1.05%,26.87,33.92m,8492
114,10/27/15,26.00,26.61,25.74,26.59,913855,0.53,2.03%,26.59,24.02m,6466
115,10/26/15,26.00,26.26,25.745,26.06,1362367,0.16,0.62%,26.06,35.47m,9077
116,10/23/15,25.27,26.10,24.75,25.90,1556349,0.92,3.68%,25.90,40.32m,8998
117,10/22/15,25.22,25.42,24.75,24.98,1236785,-0.23,-0.91%,24.98,30.98m,8884
118,10/21/15,25.25,26.75,25.07,25.21,2054390,0.23,0.92%,25.21,52.76m,11637
119,10/20/15,23.27,24.98,23.05,24.98,1969014,1.99,8.66%,24.98,47.53m,12793
120,10/19/15,22.45,23.41,22.27,22.99,1234723,0.54,2.41%,22.99,28.39m,8440
121,10/16/15,22.36,22.58,22.17,22.45,796139,0.03,0.13%,22.45,17.85m,5025
122,10/15/15,22.46,22.47,22.08,22.42,463987,0.29,1.31%,22.42,10.35m,3670
123,10/14/15,21.89,22.80,21.73,22.13,639646,0.17,0.77%,22.13,14.19m,4478
124,10/13/15,21.97,22.14,21.71,21.96,335616,-0.14,-0.63%,21.96,7.37m,2827
125,10/12/15,21.45,22.32,21.37,22.10,867321,0.74,3.46%,22.10,19.16m,6320
126,10/09/15,21.10,21.42,21.01,21.36,1172777,0.28,1.33%,21.36,24.82m,7076
127,10/08/15,21.47,21.47,20.9475,21.08,1179732,-0.53,-2.45%,21.08,24.87m,8123
128,10/07/15,21.24,21.66,21.18,21.61,580111,0.57,2.71%,21.61,12.45m,4142
129,10/06/15,20.90,21.36,20.90,21.04,641163,0.00,0.00%,21.04,13.52m,4061
130,10/05/15,21.13,21.16,20.82,21.04,643985,0.11,0.53%,21.04,13.52m,3577
131,10/02/15,19.79,20.97,19.79,20.93,600342,0.96,4.81%,20.93,12.41m,4867
132,10/01/15,20.29,20.68,19.73,19.97,435135,-0.24,-1.19%,19.97,8.71m,3315
133,09/30/15,19.98,20.33,19.78,20.21,769602,0.41,2.07%,20.21,15.5m,4912
134,09/29/15,19.07,19.81,19.00,19.80,874578,0.77,4.05%,19.80,17.16m,5273
135,09/28/15,18.58,19.28,18.58,19.03,1175558,0.33,1.76%,19.03,22.29m,4396
136,09/25/15,19.05,19.13,18.46,18.70,799229,-0.14,-0.74%,18.70,15.02m,5185
137,09/24/15,18.40,18.92,18.22,18.84,851502,0.31,1.67%,18.84,15.84m,5231
138,09/23/15,18.95,19.055,18.48,18.53,464864,-0.49,-2.58%,18.53,8.67m,3887
139,09/22/15,18.82,19.225,18.82,19.02,1092445,0.01,0.05%,19.02,20.78m,4642
140,09/21/15,18.93,19.16,18.93,19.01,727843,0.14,0.74%,19.01,13.84m,3651
141,09/18/15,19.00,19.145,18.82,18.87,1268470,-0.22,-1.15%,18.87,24.06m,5237
142,09/17/15,19.16,19.33,19.03,19.09,274473,-0.08,-0.42%,19.09,5.27m,2494
143,09/16/15,18.77,19.37,18.75,19.17,682956,0.50,2.68%,19.17,13.11m,7245
144,09/15/15,18.71,18.94,18.51,18.67,568591,-0.01,-0.05%,18.67,10.63m,4092
145,09/14/15,19.25,19.34,18.66,18.68,302916,-0.58,-3.01%,18.68,5.7m,2334
146,09/11/15,19.19,19.54,19.02,19.26,567861,0.00,0.00%,19.26,10.92m,4355
147,09/10/15,19.62,19.70,19.16,19.26,506372,-0.34,-1.73%,19.26,9.78m,3932
148,09/09/15,20.39,20.58,19.465,19.60,765604,-0.60,-2.97%,19.60,15.14m,6672
149,09/08/15,20.18,20.26,19.92,20.20,306863,0.54,2.75%,20.20,6.18m,2741
150,09/04/15,19.89,20.14,19.5001,19.66,582626,-0.57,-2.82%,19.66,11.55m,4093
1,09/03/15,20.08,20.28,19.92,20.23,333344,0.12,0.60%,20.23,6.71m,2707
2,09/02/15,19.67,20.23,19.44,20.11,511903,0.589994,3.02%,20.11,10.22m,4400
3,09/01/15,19.94,20.20,19.69,19.92,411040,-0.558555,-2.78%,19.52,8.19m,3782
4,08/31/15,20.73,20.73,20.25,20.49,334855,-0.254779,-1.25%,20.0786,6.86m,2771
5,08/28/15,20.94,21.20,20.49,20.75,609258,-0.401767,-1.94%,20.3333,12.62m,4651
6,08/27/15,20.50,21.27,20.50,21.16,756484,0.783936,3.93%,20.7351,15.92m,5488
7,08/26/15,20.58,20.64,19.90,20.36,755566,0.00,0.00%,19.9512,15.22m,5891
8,08/25/15,20.33,20.60,19.88,20.36,2316078,0.73494,3.82%,19.9512,47.03m,9254
9,08/24/15,18.39,19.85,18.09,19.61,1268936,0.029397,0.15%,19.2162,24.71m,9679
10,08/21/15,19.99,20.19,19.24,19.58,1254052,-0.215582,-1.11%,19.1868,24.76m,10123
11,08/20/15,20.96,20.96,19.399,19.80,1063616,-1.3033,-6.29%,19.4024,21.06m,6983
12,08/19/15,21.77,22.19,21.09,21.13,860849,-0.813333,-3.78%,20.7057,18.46m,5216
13,08/18/15,22.00,22.41,21.885,21.96,453565,-0.274378,-1.26%,21.519,9.99m,3206
14,08/17/15,22.07,22.40,21.85,22.24,285663,0.039197,0.18%,21.7934,6.34m,2294
15,08/14/15,22.08,22.60,21.80,22.20,654038,0.186185,0.86%,21.7542,14.57m,4664
16,08/13/15,22.54,22.6199,21.97,22.01,368389,-0.293976,-1.34%,21.568,8.16m,3093
17,08/12/15,22.33,22.69,22.01,22.31,789964,-0.303775,-1.37%,21.862,17.62m,5722
18,08/11/15,22.80,22.92,22.51,22.62,456853,-0.421366,-1.87%,22.1658,10.35m,2858
19,08/10/15,23.04,23.31,22.86,23.05,567924,0.215582,0.96%,22.5872,13.13m,4246
20,08/07/15,22.90,23.15,22.74,22.83,590934,-0.068594,-0.31%,22.3716,13.53m,4120
21,08/06/15,22.73,23.09,22.67,22.90,530651,0.11759,0.53%,22.4402,12.15m,3671
22,08/05/15,22.98,23.23,22.52,22.78,887359,0.00,0.00%,22.3226,20.29m,4380
23,08/04/15,22.30,22.94,22.13,22.78,433190,0.548756,2.52%,22.3226,9.85m,2951
24,08/03/15,22.41,22.67,22.13,22.22,257153,-0.176386,-0.80%,21.7738,5.75m,3509
25,07/31/15,22.85,22.881,22.18,22.40,494442,-0.313574,-1.41%,21.9502,11.06m,4183
26,07/30/15,22.70,22.78,22.46,22.72,260767,-0.029398,-0.13%,22.2638,5.9m,1859
27,07/29/15,22.40,22.90,22.37,22.75,292503,0.342972,1.56%,22.2932,6.65m,2391
28,07/28/15,22.57,22.57,22.26,22.40,296156,0.11759,0.54%,21.9502,6.63m,2547
29,07/27/15,22.00,22.49,21.78,22.28,776198,-0.568353,-2.54%,21.8326,17.28m,5249
30,07/24/15,23.16,23.19,22.71,22.86,1106230,-0.333173,-1.47%,22.401,25.34m,6080
31,07/23/15,23.01,23.81,23.01,23.20,1257318,0.342972,1.53%,22.7341,29.43m,6334
32,07/22/15,23.62,23.625,22.38,22.85,1606828,-0.881928,-3.79%,22.3912,36.65m,10161
33,07/21/15,24.00,24.8999,23.72,23.75,1291052,0.12739,0.55%,23.2731,31.05m,7299
34,07/20/15,23.77,23.94,23.60,23.62,1272589,-0.205784,-0.88%,23.1457,30.25m,7375
35,07/17/15,23.81,24.00,23.65,23.83,773947,0.00,0.00%,23.3515,18.43m,5032
36,07/16/15,24.00,24.07,23.72,23.83,1084549,0.058796,0.25%,23.3515,25.81m,5403
37,07/15/15,23.77,23.82,23.49,23.77,1357063,-0.019599,-0.08%,23.2927,32.16m,7978
38,07/14/15,23.63,24.06,23.63,23.79,523799,0.048996,0.21%,23.3123,12.48m,4104
39,07/13/15,23.66,23.83,23.47,23.74,1643984,0.274378,1.19%,23.2633,39.02m,6404
40,07/10/15,23.34,23.73,23.19,23.46,1868873,-0.24498,-1.05%,22.9889,43.93m,10711
41,07/09/15,23.44,23.85,23.25,23.71,2053043,0.999518,4.50%,23.2339,48.66m,10332
42,07/08/15,22.48,23.07,22.14,22.69,3750957,-0.411566,-1.82%,22.2344,84.97m,18371
43,07/07/15,22.38,23.27,22.10,23.11,4219685,0.205783,0.92%,22.646,95.47m,15716
44,07/06/15,23.34,23.66,22.01,22.90,4800946,-0.881928,-3.78%,22.4402,108.78m,26705
45,07/02/15,23.73,23.97,23.708,23.80,1572937,-0.058795,-0.25%,23.3221,37.43m,6131
46,07/01/15,24.61,24.61,23.73,23.86,1306853,-0.646747,-2.69%,23.3809,31.22m,6957
47,06/30/15,24.00,24.55,23.96,24.52,1598952,0.744739,3.20%,24.0276,38.86m,6645
48,06/29/15,24.25,24.25,23.24,23.76,2229979,-0.852531,-3.53%,23.2829,53.01m,11604
49,06/26/15,24.44,24.78,24.28,24.63,1202443,-0.009799,-0.04%,24.1354,29.53m,7188
50,06/25/15,24.79,24.81,24.447,24.64,1177691,-0.225381,-0.92%,24.1452,28.98m,5434
51,06/24/15,24.74,24.91,24.614,24.87,1000387,0.127389,0.53%,24.3706,24.79m,4494
52,06/23/15,24.94,24.942,24.5568,24.74,436381,0.039197,0.16%,24.2432,10.77m,2819
53,06/22/15,25.07,25.38,24.633,24.70,1264262,-0.36257,-1.48%,24.204,31.42m,6015
54,06/19/15,25.94,25.94,25.03,25.07,1030235,-0.911326,-3.58%,24.5666,26.07m,5519
55,06/18/15,26.16,26.43,25.86,26.00,1089178,-0.078394,-0.31%,25.4779,28.41m,6674
56,06/17/15,25.64,26.30,25.54,26.08,1756365,0.881928,3.57%,25.5563,45.63m,10729
57,06/16/15,25.35,25.57,25.00,25.18,1033622,-0.303775,-1.22%,24.6744,26.07m,6727
58,06/15/15,25.43,25.66,25.12,25.49,2934603,-0.029397,-0.12%,24.9782,74.6m,13601
59,06/12/15,25.95,26.13,25.50,25.52,2334378,-0.48996,-1.92%,25.0076,60.18m,11012
60,06/11/15,25.44,26.46,25.14,26.02,4152385,0.636948,2.56%,25.4975,107.79m,16965
61,06/10/15,23.89,26.46,23.76,25.37,8798479,1.3817,5.88%,24.8606,216.39m,20454
62,06/09/15,23.94,24.14,23.88,23.96,1323000,-0.068595,-0.29%,23.4789,31.78m,7681
63,06/08/15,24.64,24.74,24.00,24.03,512080,-0.48016,-2.00%,23.5475,12.42m,3695
64,06/05/15,24.09,24.78,24.07,24.52,1431301,0.411566,1.74%,24.0276,35.17m,7791
65,06/04/15,23.66,24.26,23.61,24.10,987042,0.11759,0.50%,23.6161,23.74m,4751
66,06/03/15,24.44,24.63,23.97,23.98,1638097,-0.205783,-0.87%,23.4985,39.63m,3023
67,06/02/15,24.03,24.51,23.955,24.19,1254721,0.225382,0.96%,23.7043,30.4m,5612
68,06/01/15,23.99,24.19,23.47,23.96,1336469,0.127389,0.55%,23.4789,32.06m,6821
69,05/29/15,24.03,24.14,23.5301,23.83,1243334,-0.215582,-0.91%,23.3515,29.7m,6740
70,05/28/15,23.75,24.10,23.61,24.05,1302621,-0.048996,-0.21%,23.5671,31.16m,7977
71,05/27/15,23.98,24.36,23.86,24.10,1067081,0.24498,1.05%,23.6161,25.75m,4187
72,05/26/15,24.62,24.74,23.435,23.85,984336,-0.636948,-2.65%,23.3711,23.5m,6879
73,05/22/15,24.35,24.94,24.25,24.50,935633,0.215582,0.91%,24.008,23.04m,3913
74,05/21/15,24.01,24.58,23.89,24.28,1096156,0.303776,1.29%,23.7925,26.63m,5123
75,05/20/15,24.08,24.26,23.78,23.97,562070,-0.166587,-0.70%,23.4887,13.51m,3783
76,05/19/15,24.50,24.72,24.07,24.14,611034,-0.264578,-1.11%,23.6553,14.87m,3406
77,05/18/15,24.45,24.558,24.05,24.41,2085021,-0.068595,-0.29%,23.9198,50.89m,3517
78,05/15/15,24.61,24.80,24.29,24.48,447278,-0.009799,-0.04%,23.9884,10.96m,2672
79,05/14/15,24.37,24.57,24.10,24.49,925596,0.097992,0.41%,23.9982,22.61m,2718
80,05/13/15,24.19,24.68,24.19,24.39,705637,0.254779,1.08%,23.9002,17.24m,4422
81,05/12/15,24.20,24.59,24.08,24.13,968731,-0.156787,-0.66%,23.6455,23.46m,6308
82,05/11/15,24.76,24.85,24.17,24.29,1350975,-0.470361,-1.94%,23.8023,32.94m,8717
83,05/08/15,24.90,25.20,24.64,24.77,791914,0.107791,0.45%,24.2726,19.67m,5455
84,05/07/15,25.06,25.09,24.60,24.66,1169144,-0.264579,-1.08%,24.1648,28.87m,7725
85,05/06/15,25.00,25.25,24.59,24.93,3535276,-0.097992,-0.40%,24.4294,88.1m,18908
86,05/05/15,24.95,25.2599,24.73,25.03,893843,-0.293976,-1.18%,24.5274,22.3m,4485
87,05/04/15,25.72,25.775,25.16,25.33,1545007,-0.264578,-1.05%,24.8214,39.34m,8640
88,05/01/15,25.75,25.95,25.47,25.60,1131497,0.009799,0.04%,25.086,29.03m,4652
89,04/30/15,26.04,26.08,25.4515,25.59,1103709,-0.499759,-1.95%,25.0762,28.31m,6645
90,04/29/15,26.70,26.70,26.05,26.10,893766,-0.73494,-2.79%,25.5759,23.38m,6419
91,04/28/15,26.74,27.07,26.56,26.85,1100498,-0.019598,-0.07%,26.3109,29.55m,5786
92,04/27/15,26.62,27.175,26.62,26.87,1174544,0.342972,1.32%,26.3304,31.58m,7620
93,04/24/15,26.66,27.09,26.49,26.52,1378100,-0.166587,-0.64%,25.9875,36.77m,6600
94,04/23/15,26.10,26.80,25.89,26.69,1153349,0.587952,2.30%,26.1541,30.59m,8165
95,04/22/15,25.54,26.14,25.24,26.09,1326230,0.744739,3.00%,25.5661,34.16m,8881
96,04/21/15,26.02,26.02,24.78,25.33,1387480,0.636948,2.63%,24.8214,34.94m,9268
97,04/20/15,23.95,25.03,23.84,24.68,1531927,0.783936,3.35%,24.1844,37.77m,8317
98,04/17/15,23.50,23.99,23.30,23.88,1024467,0.039197,0.17%,23.4005,24.32m,5369
99,04/16/15,23.92,24.10,23.72,23.84,805605,0.117591,0.51%,23.3613,19.31m,5360
100,04/15/15,23.93,24.18,23.715,23.72,1209014,-0.205784,-0.88%,23.2437,28.82m,7498
101,04/14/15,24.52,24.74,23.63,23.93,1533349,-0.48016,-2.01%,23.4495,36.73m,10705
102,04/13/15,24.06,24.84,23.60,24.42,886996,-0.097992,-0.41%,23.9296,21.67m,4951
103,04/10/15,25.65,25.78,24.37,24.52,994178,-1.2445,-4.92%,24.0276,24.67m,6529
104,04/09/15,25.65,25.99,25.22,25.79,1267128,0.078394,0.31%,25.2721,32.56m,8413
105,04/08/15,24.75,25.73,24.63,25.71,1297261,1.0779,4.47%,25.1937,32.9m,8998
106,04/07/15,24.36,24.87,24.19,24.61,811496,0.303775,1.28%,24.1158,20.02m,6511
107,04/06/15,24.16,24.41,24.01,24.30,783926,0.254779,1.08%,23.8121,19m,5257
108,04/02/15,23.29,24.20,23.2001,24.04,1799772,0.86233,3.80%,23.5573,43.11m,11973
109,04/01/15,22.19,23.28,22.17,23.16,1004952,0.970121,4.47%,22.6949,23.11m,6538
110,03/31/15,22.81,22.87,22.15,22.17,811387,-0.597752,-2.68%,21.7248,18.17m,4184
111,03/30/15,22.35,23.10,22.02,22.78,801970,0.597752,2.75%,22.3226,18.3m,5155
112,03/27/15,22.10,22.26,21.91,22.17,520955,-0.029398,-0.14%,21.7248,11.54m,3922
113,03/26/15,21.95,22.78,21.6101,22.20,1025971,0.264578,1.23%,21.7542,22.89m,8252
114,03/25/15,21.80,22.29,21.62,21.93,861687,-0.048996,-0.23%,21.4896,18.97m,4953
115,03/24/15,22.00,22.14,21.905,21.98,945487,-0.019598,-0.09%,21.5386,20.81m,4113
116,03/23/15,21.36,22.29,21.35,22.00,1116265,0.529157,2.52%,21.5582,24.51m,7474
117,03/20/15,20.77,21.56,20.715,21.46,786997,0.666345,3.27%,21.0291,16.84m,4613
118,03/19/15,20.92,20.92,20.495,20.78,476497,-0.254779,-1.24%,20.3627,9.84m,3425
119,03/18/15,21.37,21.44,20.89,21.04,618992,-0.342972,-1.64%,20.6175,13.04m,3215
120,03/17/15,21.01,21.39,20.79,21.39,1110650,0.401767,1.95%,20.9605,23.49m,5317
121,03/16/15,20.61,21.10,20.50,20.98,654747,0.411567,2.04%,20.5587,13.65m,4156
122,03/13/15,20.62,20.67,20.47,20.56,349198,-0.009799,-0.05%,20.1472,7.18m,2932
123,03/12/15,20.55,20.77,20.44,20.57,851549,0.058795,0.29%,20.157,17.51m,3851
124,03/11/15,20.46,20.56,20.38,20.51,514324,0.00,0.00%,20.0982,10.54m,3705
125,03/10/15,20.36,20.55,20.1101,20.51,898088,-0.019599,-0.10%,20.0982,18.28m,5855
126,03/09/15,20.33,20.56,20.25,20.53,658864,0.235181,1.18%,20.1178,13.47m,4540
127,03/06/15,20.70,20.70,20.19,20.29,700986,-0.36257,-1.79%,19.8826,14.25m,5311
128,03/05/15,20.03,20.775,20.02,20.66,874269,0.646747,3.30%,20.2451,17.96m,5773
129,03/04/15,19.68,20.15,19.54,20.00,715537,0.313574,1.63%,19.5984,14.3m,4303
130,03/03/15,19.36,19.70,19.10,19.68,653270,0.068595,0.36%,19.2848,12.79m,4573
131,03/02/15,19.11,19.64,19.11,19.61,607269,0.440964,2.35%,19.2162,11.84m,3548
132,02/27/15,19.69,19.69,18.88,19.16,585014,-0.362571,-1.89%,18.7753,11.19m,3834
133,02/26/15,19.80,19.84,19.36,19.53,2398543,-0.303775,-1.56%,19.1378,46.79m,6280
134,02/25/15,20.42,20.477,19.73,19.84,633029,-0.548755,-2.75%,19.4416,12.64m,4698
135,02/24/15,20.55,20.55,20.12,20.40,1091923,-0.176386,-0.87%,19.9904,22.14m,5332
136,02/23/15,20.06,20.66,19.99,20.58,1390577,0.558555,2.85%,20.1668,28.51m,8756
137,02/20/15,19.72,20.04,19.66,20.01,642232,0.205783,1.06%,19.6082,12.78m,4697
138,02/19/15,19.23,19.90,19.23,19.80,870060,0.61735,3.29%,19.4024,17.2m,5399
139,02/18/15,18.99,19.27,18.93,19.17,630969,0.11759,0.63%,18.7851,12.09m,3947
140,02/17/15,18.78,19.05,18.78,19.05,519014,0.254779,1.38%,18.6675,9.84m,3207
141,02/13/15,18.86,19.06,18.72,18.79,738930,0.009799,0.05%,18.4127,13.92m,3415
142,02/12/15,18.61,19.005,18.61,18.78,621826,0.176386,0.97%,18.4029,11.71m,4522
143,02/11/15,18.67,18.69,18.505,18.60,400577,-0.029398,-0.16%,18.2265,7.45m,2421
144,02/10/15,18.77,18.77,18.48,18.63,933203,-0.029397,-0.16%,18.2559,17.39m,4771
145,02/09/15,18.71,18.83,18.44,18.66,1011064,0.019598,0.11%,18.2853,18.85m,5699
146,02/06/15,18.47,18.68,18.4024,18.64,1071669,0.117591,0.65%,18.2657,19.86m,6110
147,02/05/15,18.59,18.73,18.385,18.52,1041003,-0.058796,-0.32%,18.1481,19.31m,5707
148,02/04/15,18.86,18.90,18.51,18.58,455025,-0.078393,-0.43%,18.2069,8.49m,3197
149,02/03/15,18.51,18.93,18.31,18.66,904154,0.284177,1.58%,18.2853,16.87m,5868
150,02/02/15,18.23,18.44,18.10,18.37,1245350,0.078393,0.44%,18.0011,22.78m,8305
1,01/30/15,18.23,18.49,18.12,18.29,687152,-0.107791,-0.60%,17.9227,12.56m,4976
2,01/29/15,18.48,18.50,18.2108,18.40,831605,-0.048996,-0.27%,18.0305,15.29m,4734
3,01/28/15,18.41,18.64,18.095,18.45,2156798,0.00,0.00%,18.0795,39.62m,10008
4,01/27/15,18.60,18.66,18.26,18.45,3415834,-0.205783,-1.13%,18.0795,62.95m,13641
5,01/26/15,18.71,19.15,18.42,18.66,1543716,0.029397,0.16%,18.2853,28.89m,9623
6,01/23/15,19.12,19.24,18.30,18.63,2366755,-0.529156,-2.82%,18.2559,44.19m,9276
7,01/22/15,19.64,19.99,19.035,19.17,2834977,-0.382169,-1.99%,18.7851,54.92m,13786
8,01/21/15,20.06,20.15,19.16,19.56,3126720,-0.61735,-3.12%,19.1672,61.22m,15480
9,01/20/15,20.51,21.79,20.12,20.19,1742730,-0.313574,-1.56%,19.7846,36.15m,10716
10,01/16/15,20.45,20.82,20.38,20.51,1238837,-0.058795,-0.29%,20.0982,25.48m,8402
11,01/15/15,21.29,21.38,20.53,20.57,1569353,-0.627149,-3.02%,20.157,32.76m,9189
12,01/14/15,21.23,21.34,21.02,21.21,741228,-0.137189,-0.66%,20.7841,15.68m,4843
13,01/13/15,21.50,21.56,21.21,21.35,506347,0.019598,0.09%,20.9213,10.82m,4049
14,01/12/15,20.89,21.35,20.76,21.33,1075622,0.342972,1.67%,20.9017,22.73m,5524
15,01/09/15,20.78,21.07,20.40,20.98,1233895,0.205784,1.01%,20.5587,25.74m,6747
16,01/08/15,20.49,20.89,20.40,20.77,420952,0.156787,0.78%,20.3529,8.73m,3097
17,01/07/15,20.87,20.87,20.39,20.61,714078,-0.048996,-0.24%,20.1962,14.66m,4802
18,01/06/15,20.79,20.91,20.03,20.66,958309,-0.186185,-0.91%,20.2451,19.6m,5332
19,01/05/15,20.41,21.06,20.394,20.85,690243,0.421366,2.11%,20.4313,14.38m,4508
20,01/02/15,20.61,20.67,20.19,20.42,346581,0.009799,0.05%,20.01,7.08m,2302
21,12/31/14,20.58,20.605,20.315,20.41,269325,-0.039197,-0.20%,20.0002,5.52m,2053
22,12/30/14,20.21,20.50,20.18,20.45,624667,0.176386,0.89%,20.0394,12.71m,4537
23,12/29/14,20.14,20.40,20.14,20.27,538711,0.078393,0.40%,19.863,10.94m,3709
24,12/26/14,20.53,20.53,20.08,20.19,202675,-0.156787,-0.79%,19.7846,4.1m,1732
25,12/24/14,20.34,20.51,20.30,20.35,269932,-0.039197,-0.20%,19.9414,5.5m,1245
26,12/23/14,20.46,20.65,20.39,20.39,398202,-0.068594,-0.34%,19.9806,8.16m,3012
27,12/22/14,20.51,20.68,20.455,20.46,662537,-0.088193,-0.44%,20.0492,13.61m,4332
28,12/19/14,20.40,20.73,20.28,20.55,1599020,0.205783,1.03%,20.1374,32.92m,6348
29,12/18/14,20.76,21.1076,20.2775,20.34,1149401,-0.186185,-0.93%,19.9316,23.49m,6170
30,12/17/14,20.53,20.73,20.09,20.53,589032,0.362571,1.84%,20.1178,12.04m,4097
31,12/16/14,20.49,20.72,20.16,20.16,722081,-0.470362,-2.33%,19.7552,14.71m,5352
32,12/15/14,21.06,21.22,20.60,20.64,611921,-0.382169,-1.85%,20.2255,12.69m,4752
33,12/12/14,21.24,21.50,21.03,21.03,754271,-0.323373,-1.54%,20.6077,15.99m,6286
34,12/11/14,21.04,21.59,20.86,21.36,1075687,0.313574,1.52%,20.9311,23.02m,7578
35,12/10/14,20.91,21.07,20.74,21.04,1382240,0.117591,0.57%,20.6175,28.94m,8708
36,12/09/14,20.52,20.97,20.48,20.92,834132,-0.078394,-0.38%,20.4999,17.32m,5844
37,12/08/14,21.35,21.38,20.67,21.00,828336,-0.352771,-1.69%,20.5783,17.37m,6582
38,12/05/14,21.78,21.80,21.31,21.36,564534,-0.186185,-0.88%,20.9311,12.12m,4542
39,12/04/14,21.58,21.71,21.227,21.55,1088653,0.137189,0.65%,21.1173,23.45m,6186
40,12/03/14,21.79,21.88,21.39,21.41,561444,-0.421366,-1.97%,20.9801,12.08m,4395
41,12/02/14,21.74,22.06,21.55,21.84,714491,0.254779,1.20%,21.4015,15.64m,4624
42,12/01/14,22.00,22.04,21.4601,21.58,1087776,-0.529156,-2.44%,21.1467,23.52m,7957
43,11/28/14,22.21,22.40,22.07,22.12,332458,-0.225382,-1.03%,21.6758,7.38m,2283
44,11/26/14,22.48,22.52,22.20,22.35,334995,-0.039197,-0.18%,21.9012,7.51m,2200
45,11/25/14,22.43,22.51,22.31,22.39,447290,-0.11759,-0.53%,21.9404,10.02m,3084
46,11/24/14,22.34,22.59,22.34,22.51,988706,0.166586,0.76%,22.058,22.24m,5388
47,11/21/14,22.68,22.83,22.30,22.34,1117985,-0.156787,-0.71%,21.8914,25.14m,4262
48,11/20/14,22.80,22.91,22.32,22.50,1425638,-0.254779,-1.14%,22.0482,32.08m,8434
49,11/19/14,22.29,22.84,22.03,22.76,1853907,0.333173,1.52%,22.303,41.86m,11404
50,11/18/14,22.60,22.90,22.40,22.42,2443633,-0.37237,-1.67%,21.9698,55.4m,13728
51,11/17/14,22.29,22.95,22.29,22.80,1874637,0.333173,1.51%,22.3422,42.71m,9935
52,11/14/14,22.08,22.48,21.75,22.46,760395,0.36257,1.67%,22.009,16.9m,4935
53,11/13/14,21.79,22.12,21.63,22.09,865807,0.274378,1.28%,21.6464,19.01m,6582
54,11/12/14,21.75,22.05,21.56,21.81,887483,-0.029398,-0.14%,21.3721,19.4m,5205
55,11/11/14,21.67,22.00,21.50,21.84,1174648,0.176386,0.83%,21.4015,25.55m,7138
56,11/10/14,22.42,22.46,21.52,21.66,2002273,-0.676145,-3.09%,21.2251,43.52m,12431
57,11/07/14,22.38,22.61,22.02,22.35,1008269,0.048996,0.22%,21.9012,22.59m,6620
58,11/06/14,22.03,22.44,22.00,22.30,985577,0.342972,1.59%,21.8522,22.01m,7629
59,11/05/14,21.97,22.19,21.68,21.95,1573003,0.00,0.00%,21.5092,34.48m,9057
60,11/04/14,22.00,22.03,21.43,21.95,1585080,-0.048996,-0.23%,21.5092,34.46m,9360
61,11/03/14,21.73,22.04,21.42,22.00,834029,0.391968,1.85%,21.5582,18.28m,5997
62,10/31/14,21.79,22.01,21.31,21.60,1444169,-0.480161,-2.22%,21.1663,31.21m,9137
63,10/30/14,21.79,22.12,21.63,22.09,865807,0.48996,2.32%,21.6464,19.01m,6582
64,10/29/14,21.73,21.95,21.38,21.59,1555354,0.009799,0.05%,21.1565,33.59m,10164
65,10/28/14,21.41,21.77,21.22,21.58,1286338,0.205784,0.98%,21.1467,27.73m,9319
66,10/27/14,22.15,22.35,21.14,21.37,1686769,-0.960322,-4.38%,20.9409,36.07m,11614
67,10/24/14,20.57,22.46,20.51,22.35,2831825,0.930924,4.44%,21.9012,62.34m,17577
68,10/23/14,21.70,21.76,21.20,21.40,1484332,0.039197,0.19%,20.9703,31.81m,11293
69,10/22/14,21.48,21.76,21.20,21.36,1173725,-0.186185,-0.88%,20.9311,25.09m,8358
70,10/21/14,20.68,21.69,20.61,21.55,1776255,0.431165,2.08%,21.1173,38.08m,12028
71,10/20/14,20.84,21.285,20.805,21.11,1358327,0.352771,1.73%,20.6861,28.72m,9324
72,10/17/14,21.10,21.25,20.66,20.75,2128833,-0.293976,-1.43%,20.3333,44.28m,12798
73,10/16/14,20.57,21.25,20.36,21.05,1662004,0.176386,0.86%,20.6273,34.76m,12726
74,10/15/14,20.55,21.14,20.01,20.87,3099793,-1.1171,-5.18%,20.4509,64.33m,20232
75,10/14/14,21.91,22.22,20.95,22.01,1499339,0.097992,0.46%,21.568,32.53m,11355
76,10/13/14,22.78,23.08,21.85,21.91,3033551,-0.823133,-3.69%,21.47,67.3m,15245
77,10/10/14,23.22,23.53,22.74,22.75,1193267,-0.61735,-2.69%,22.2932,27.39m,9109
78,10/09/14,23.79,23.80,23.08,23.38,1078167,-0.382168,-1.64%,22.9105,25.24m,8747
79,10/08/14,23.24,23.77,22.57,23.77,1298426,0.578152,2.55%,23.2927,30.05m,8793
80,10/07/14,23.60,23.60,23.10,23.18,1098077,-0.401767,-1.74%,22.7145,25.61m,7688
81,10/06/14,23.82,23.92,23.47,23.59,1263176,-0.186185,-0.80%,23.1163,29.81m,7964
82,10/03/14,23.75,24.20,23.67,23.78,2170822,0.12739,0.55%,23.3025,52.02m,7150
83,10/02/14,23.08,23.86,23.0521,23.65,1019894,0.578153,2.56%,23.1751,23.98m,6888
84,10/01/14,23.25,23.82,22.88,23.06,1629370,-0.137189,-0.60%,22.597,38.02m,11006
85,09/30/14,22.38,23.32,22.24,23.20,2642337,0.86233,3.94%,22.7341,60.76m,15162
86,09/29/14,22.02,22.38,21.92,22.32,872186,0.176385,0.81%,21.8718,19.39m,6017
87,09/26/14,22.04,22.28,21.84,22.14,1193854,0.323374,1.51%,21.6954,26.39m,8157
88,09/25/14,21.81,22.10,21.78,21.81,1496646,0.009799,0.05%,21.3721,32.7m,9680
89,09/24/14,21.93,21.98,21.77,21.80,651783,-0.097992,-0.46%,21.3623,14.23m,4872
90,09/23/14,21.85,22.18,21.66,21.90,905750,-0.029398,-0.14%,21.4602,19.9m,7087
91,09/22/14,21.79,22.06,21.68,21.93,1348108,0.137189,0.64%,21.4896,29.56m,8038
92,09/19/14,21.91,21.995,21.68,21.79,2033851,-0.11759,-0.55%,21.3525,44.4m,10304
93,09/18/14,22.22,22.31,21.88,21.91,1651540,-0.235181,-1.08%,21.47,36.3m,7376
94,09/17/14,22.11,22.25,21.94,22.15,845343,0.029398,0.14%,21.7052,18.65m,5103
95,09/16/14,21.87,22.28,21.73,22.12,1281002,0.195984,0.91%,21.6758,28.24m,6764
96,09/15/14,22.30,22.33,21.73,21.92,1310672,-0.48996,-2.23%,21.4798,28.75m,8203
97,09/12/14,22.59,22.59,22.28,22.42,835810,-0.176386,-0.80%,21.9698,18.72m,6099
98,09/11/14,22.33,22.60,22.29,22.60,1099254,0.137189,0.62%,22.1462,24.69m,5210
99,09/10/14,22.50,22.60,22.29,22.46,830319,-0.048996,-0.22%,22.009,18.61m,4499
100,09/09/14,22.73,22.79,22.45,22.51,744490,-0.166587,-0.75%,22.058,16.77m,4280
101,09/08/14,22.83,23.01,22.595,22.68,734365,-0.24498,-1.09%,22.2246,16.71m,3781
102,09/05/14,22.75,23.06,22.73,22.93,1298910,0.12739,0.57%,22.4696,29.77m,6997
103,09/04/14,22.94,22.96,22.745,22.80,674296,0.029398,0.13%,22.3422,15.4m,4331
104,09/03/14,22.88,23.025,22.67,22.77,983567,0.068594,0.31%,22.3128,22.43m,5252
105,09/02/14,22.85,22.90,22.60,22.70,1721377,-0.107791,-0.48%,22.2442,39.11m,8400
106,08/29/14,22.98,22.98,22.73,22.81,739671,-0.107791,-0.48%,22.352,16.88m,4059
107,08/28/14,23.00,23.16,22.68,22.92,1478951,-0.176386,-0.78%,22.4598,33.82m,6891
108,08/27/14,22.94,23.70,22.90,23.10,3345943,0.431165,1.94%,22.6362,77.6m,18030
109,08/26/14,22.30,22.80,22.21,22.66,2015751,0.24498,1.12%,22.205,45.68m,10050
110,08/25/14,22.17,22.41,22.00,22.41,1283095,0.293976,1.36%,21.96,28.54m,7073
111,08/22/14,21.87,22.12,21.79,22.11,961404,0.24498,1.14%,21.666,21.15m,5861
112,08/21/14,22.27,22.27,21.75,21.86,1996222,-0.401767,-1.84%,21.4211,43.6m,7853
113,08/20/14,22.25,22.285,22.03,22.27,1196267,0.019598,0.09%,21.8228,26.51m,6931
114,08/19/14,22.00,22.40,21.97,22.25,1413111,0.303775,1.41%,21.8032,31.35m,8306
115,08/18/14,21.50,22.46,21.441,21.94,2268991,0.656547,3.15%,21.4994,49.91m,11475
116,08/15/14,21.02,21.355,21.00,21.27,1228551,0.342972,1.67%,20.8429,26.06m,7944
117,08/14/14,20.60,21.01,20.60,20.92,1085539,0.225381,1.11%,20.4999,22.69m,6320
118,08/13/14,20.45,20.80,20.40,20.69,2123804,0.235181,1.17%,20.2745,43.83m,11704
119,08/12/14,19.51,20.62,19.51,20.45,2355832,0.891727,4.66%,20.0394,47.65m,13780
120,08/11/14,19.18,19.72,19.05,19.54,1006951,0.352771,1.88%,19.1476,19.67m,5812
121,08/08/14,19.20,19.26,18.96,19.18,888440,-0.009799,-0.05%,18.7949,16.95m,6296
122,08/07/14,19.00,19.27,18.76,19.19,1522702,0.264579,1.43%,18.8047,29.02m,8486
123,08/06/14,18.96,19.16,18.86,18.92,997084,0.00,0.00%,18.5401,18.94m,6939
124,08/05/14,19.00,19.19,18.80,18.92,1668148,-0.195984,-1.05%,18.5401,31.6m,11456
125,08/04/14,19.32,19.32,18.74,19.12,2891646,-0.146988,-0.78%,18.7361,55.12m,14192
126,08/01/14,19.50,19.55,18.811,19.27,1910496,-0.274378,-1.43%,18.8831,36.61m,9937
127,07/31/14,19.86,19.94,19.50,19.55,1754163,-0.225382,-1.16%,19.1574,34.4m,8539
128,07/30/14,19.29,20.14,19.15,19.78,2332226,0.73494,3.94%,19.3828,45.76m,13384
129,07/29/14,19.63,19.66,18.89,19.03,2825105,-0.548755,-2.86%,18.6479,54.12m,14228
130,07/28/14,19.68,19.75,19.41,19.59,1357230,0.186185,0.98%,19.1966,26.56m,8716
131,07/25/14,19.46,19.55,19.30,19.40,2534660,0.009799,0.05%,19.0104,49.12m,15072
132,07/24/14,20.52,20.55,18.88,19.39,5346983,-1.1171,-5.55%,19.0006,104.29m,26801
133,07/23/14,21.10,21.36,20.42,20.53,4119195,-0.470361,-2.28%,20.1178,85.76m,26146
134,07/22/14,21.96,22.30,20.31,21.01,9006671,-3.1259,-13.18%,20.5881,191.42m,48224
135,07/21/14,24.30,24.40,23.88,24.20,1907599,-0.186185,-0.78%,23.7141,46.15m,7771
136,07/18/14,24.31,24.60,24.11,24.39,1593147,0.068595,0.29%,23.9002,38.84m,11044
137,07/17/14,24.90,25.47,24.27,24.32,1364146,-0.587952,-2.41%,23.8317,33.94m,7938
138,07/16/14,24.70,25.36,24.69,24.92,475565,0.215582,0.89%,24.4196,11.87m,4196
139,07/15/14,25.92,25.92,24.55,24.70,1004436,-1.2837,-5.04%,24.204,25.14m,7825
140,07/14/14,25.91,26.40,25.74,26.01,351926,0.156787,0.62%,25.4877,9.18m,2622
141,07/11/14,25.85,26.10,25.61,25.85,420332,0.254779,1.02%,25.3309,10.86m,2903
142,07/10/14,25.775,26.01,25.51,25.59,408437,-0.548755,-2.14%,25.0762,10.51m,3221
143,07/09/14,25.60,26.25,25.395,26.15,310879,0.597751,2.39%,25.6249,8.07m,2354
144,07/08/14,26.20,26.23,25.26,25.54,570150,-0.548755,-2.15%,25.0272,14.58m,4713
145,07/07/14,26.97,27.22,25.91,26.10,590915,-0.97992,-3.69%,25.5759,15.53m,4536
146,07/03/14,26.30,27.23,26.22,27.10,652182,0.930924,3.63%,26.5558,17.54m,4069
147,07/02/14,26.40,26.91,26.15,26.15,1171235,-0.284177,-1.10%,25.6249,31.02m,7172
148,07/01/14,26.51,27.19,26.07,26.44,1126303,-0.127389,-0.49%,25.9091,30.12m,8165
149,06/30/14,26.33,26.59,25.94,26.57,540933,0.313574,1.22%,26.0365,14.31m,3980
150,06/27/14,26.11,26.50,25.93,26.25,314331,0.137189,0.54%,25.7229,8.23m,2570
1,06/26/14,26.33,26.52,25.68,26.11,801288,-0.146988,-0.57%,25.5857,20.91m,6465
2,06/25/14,26.10,26.39,25.70,26.26,421200,-0.029398,-0.11%,25.7327,10.97m,3853
3,06/24/14,26.46,26.96,26.24,26.29,649428,-0.382169,-1.46%,25.7621,17.28m,5614
4,06/23/14,25.98,26.73,25.33,26.68,773424,0.705543,2.77%,26.1443,20.34m,5972
5,06/20/14,25.74,26.16,25.59,25.96,773843,0.411566,1.64%,25.4387,19.98m,5475
6,06/19/14,26.26,26.42,24.90,25.54,1409518,-0.73494,-2.85%,25.0272,36.18m,11573
7,06/18/14,26.23,26.40,25.94,26.29,339876,0.048996,0.19%,25.7621,8.89m,3422
8,06/17/14,26.29,26.73,26.06,26.24,466224,-0.127389,-0.49%,25.7131,12.25m,3966
9,06/16/14,26.48,26.59,26.12,26.37,392132,0.00,0.00%,25.8405,10.3m,2756
10,06/13/14,26.52,26.63,26.20,26.37,415600,-0.029398,-0.11%,25.8405,10.94m,3234
11,06/12/14,26.50,26.54,26.16,26.40,440975,-0.097992,-0.38%,25.8699,11.61m,3872
12,06/11/14,26.92,26.92,26.06,26.50,648657,-0.509558,-1.92%,25.9679,17.14m,3952
13,06/10/14,26.29,27.42,25.99,27.02,859337,0.891727,3.49%,26.4774,23.18m,7337
14,06/09/14,26.04,26.19,25.74,26.11,652065,-0.097992,-0.38%,25.5857,16.96m,5334
15,06/06/14,26.27,26.55,25.79,26.21,775353,-0.048996,-0.19%,25.6837,20.22m,5596
16,06/05/14,25.91,26.53,25.66,26.26,586972,0.548755,2.18%,25.7327,15.37m,4352
17,06/04/14,25.52,25.74,25.1595,25.70,444681,-0.058795,-0.23%,25.1839,11.39m,3414
18,06/03/14,26.71,26.86,25.68,25.76,685171,-0.970121,-3.70%,25.2427,17.84m,5641
19,06/02/14,26.07,26.86,25.94,26.75,889904,0.911326,3.60%,26.2129,23.59m,7497
20,05/30/14,25.89,26.45,25.68,25.82,950183,-0.097992,-0.39%,25.3015,24.6m,7436
21,05/29/14,25.65,25.97,25.46,25.92,728210,0.36257,1.45%,25.3995,18.74m,6235
22,05/28/14,26.18,26.45,25.53,25.55,1167043,-0.627149,-2.44%,25.037,30.29m,8743
23,05/27/14,25.96,26.29,25.74,26.19,904336,0.382169,1.51%,25.6641,23.59m,7675
24,05/23/14,25.26,25.88,24.98,25.80,714684,0.636948,2.58%,25.2819,18.33m,5702
25,05/22/14,25.37,25.71,25.002,25.15,740395,-0.274378,-1.10%,24.645,18.75m,6197
26,05/21/14,25.06,25.51,24.97,25.43,693838,0.440964,1.80%,24.9194,17.57m,6181
27,05/20/14,24.57,25.13,24.41,24.98,880151,0.323374,1.34%,24.4784,21.87m,7043
28,05/19/14,23.80,24.70,23.80,24.65,652397,0.666346,2.84%,24.155,15.92m,5271
29,05/16/14,23.76,24.02,23.47,23.97,870341,0.137188,0.59%,23.4887,20.74m,7072
30,05/15/14,24.20,24.305,23.57,23.83,1124491,-0.48016,-2.01%,23.3515,27.45m,8548
31,05/14/14,24.21,24.49,23.88,24.32,884841,0.176385,0.75%,23.8317,21.45m,6673
32,05/13/14,23.86,24.28,23.86,24.14,1160745,0.058795,0.25%,23.6553,27.94m,6043
33,05/12/14,23.62,24.19,23.461,24.08,1067592,0.548756,2.38%,23.5965,25.49m,6521
34,05/09/14,23.43,23.66,22.95,23.52,865265,0.421365,1.86%,23.0477,20.3m,7456
35,05/08/14,23.10,23.60,22.97,23.09,588715,0.205783,0.92%,22.6264,13.68m,4570
36,05/07/14,23.81,24.16,22.48,22.88,2311591,-0.989719,-4.23%,22.4206,53m,19110
37,05/06/14,24.02,24.88,23.78,23.89,793936,-0.088193,-0.38%,23.4103,19.16m,6465
38,05/05/14,24.52,24.72,23.65,23.98,1248487,-1.4895,-5.96%,23.4985,30.17m,9592
39,05/02/14,23.80,26.18,23.75,25.50,1610863,1.6169,6.92%,24.988,40.66m,11507
40,05/01/14,24.26,24.66,23.82,23.85,799664,-0.342972,-1.45%,23.3711,19.28m,6040
41,04/30/14,23.96,24.323,23.78,24.20,995208,0.176386,0.75%,23.7141,23.99m,7328
42,04/29/14,23.82,25.19,23.80,24.02,1716880,0.254779,1.09%,23.5377,41.53m,13029
43,04/28/14,23.81,24.19,22.66,23.76,5959363,-2.1754,-8.55%,23.2829,138.56m,36569
44,04/25/14,26.53,26.80,25.94,25.98,1911200,-0.617349,-2.37%,25.4583,50.26m,14154
45,04/24/14,26.87,26.89,26.35,26.61,1216936,-0.097992,-0.37%,26.0757,32.54m,8244
46,04/23/14,26.56,26.77,26.19,26.71,1594428,0.146988,0.56%,26.1737,42.41m,9128
47,04/22/14,26.62,26.79,25.98,26.56,2640671,-0.225382,-0.86%,26.0267,69.62m,15867
48,04/21/14,26.53,27.08,26.53,26.79,1667230,0.274378,1.06%,26.2521,44.72m,5705
49,04/17/14,26.73,26.89,26.475,26.51,747807,-0.293976,-1.12%,25.9777,19.92m,5369
50,04/16/14,25.68,26.82,25.68,26.81,1274333,1.3621,5.47%,26.2717,33.87m,9978
51,04/15/14,26.13,26.25,24.81,25.42,1755010,-0.695744,-2.72%,24.9096,44.28m,14304
52,04/14/14,26.46,26.66,25.85,26.13,1599790,-0.225381,-0.87%,25.6053,41.9m,12518
53,04/11/14,26.47,26.88,26.15,26.36,1890633,-0.382169,-1.46%,25.8307,50.21m,13352
54,04/10/14,27.75,28.00,26.64,26.75,978753,-0.911326,-3.36%,26.2129,26.4m,5908
55,04/09/14,27.53,27.84,27.02,27.68,879386,0.274378,1.02%,27.1242,24.17m,5655
56,04/08/14,26.60,27.48,26.42,27.40,660399,0.823133,3.16%,26.8498,17.96m,5126
57,04/07/14,27.27,27.45,26.10,26.56,1069102,-0.881928,-3.28%,26.0267,28.52m,7254
58,04/04/14,27.57,27.92,26.96,27.46,758918,0.176385,0.66%,26.9086,20.82m,6358
59,04/03/14,28.74,28.97,26.58,27.28,1649712,-1.6169,-5.70%,26.7322,45.24m,12814
60,04/02/14,29.45,29.70,28.71,28.93,950004,-0.509558,-1.77%,28.3491,27.53m,6052
61,04/01/14,29.59,29.78,29.01,29.45,1301774,0.097992,0.34%,28.8586,38.25m,9130
62,03/31/14,29.37,29.88,29.13,29.35,747856,-0.11759,-0.41%,28.7607,21.97m,5034
63,03/28/14,27.43,29.93,27.43,29.47,2073522,2.0186,7.52%,28.8782,60.28m,14500
64,03/27/14,29.30,29.31,26.53,27.41,2450824,-1.8716,-6.51%,26.8596,66.69m,16774
65,03/26/14,28.89,30.00,28.89,29.32,1522838,0.401767,1.42%,28.7313,44.96m,11573
66,03/25/14,28.05,28.98,27.93,28.91,842763,0.940723,3.43%,28.3295,24.19m,6258
67,03/24/14,28.83,29.11,27.70,27.95,1829515,-0.744739,-2.65%,27.3888,52m,10508
68,03/21/14,29.11,29.49,28.55,28.71,1111908,-0.088193,-0.31%,28.1335,29.47m,6375
69,03/20/14,29.77,29.77,28.75,28.80,1862806,-1.0191,-3.49%,28.2217,54.25m,9833
70,03/19/14,29.36,30.41,29.126,29.84,2461252,0.480161,1.67%,29.2408,72.76m,14962
71,03/18/14,28.16,29.56,28.11,29.35,2693408,2.2734,8.58%,28.7607,78.35m,15122
72,03/17/14,26.99,27.16,26.85,27.03,1265408,0.303776,1.16%,26.4872,34.18m,8502
73,03/14/14,27.50,27.80,26.52,26.72,2073180,-0.98972,-3.64%,26.1835,55.98m,14351
74,03/13/14,27.61,28.19,27.21,27.73,3058970,0.156788,0.58%,27.1732,84.41m,19115
75,03/12/14,26.57,27.58,26.01,27.57,2168488,0.989719,3.80%,27.0164,58.52m,12417
76,03/11/14,26.51,26.925,26.25,26.56,1585211,0.068594,0.26%,26.0267,42.18m,9690
77,03/10/14,26.39,27.32,26.39,26.49,2100783,-0.009799,-0.04%,25.9581,56.24m,13689
78,03/07/14,28.28,28.63,26.25,26.50,2841240,-1.6365,-5.93%,25.9679,77.03m,19009
79,03/06/14,28.98,29.11,28.01,28.17,1547912,-0.607551,-2.15%,27.6043,44.09m,9160
80,03/05/14,29.00,29.06,28.55,28.79,1214271,0.00,0.00%,28.2119,34.98m,6765
81,03/04/14,28.64,29.38,28.53,28.79,2545143,0.382169,1.37%,28.2119,73.59m,16950
82,03/03/14,27.94,28.67,27.81,28.40,3321984,0.548755,2.01%,27.8297,93.8m,20581
83,02/28/14,28.17,28.19,27.79,27.84,3392893,-0.24498,-0.89%,27.281,94.88m,16460
84,02/27/14,30.07,30.12,28.015,28.09,4060836,-2.0186,-6.83%,27.526,115.69m,23096
85,02/26/14,32.70,32.70,29.79,30.15,2740233,-2.3028,-7.23%,29.5446,84.12m,18075
86,02/25/14,32.48,32.81,31.75,32.50,845140,0.107791,0.34%,31.8474,27.34m,5905
87,02/24/14,32.00,32.81,31.89,32.39,723006,0.382169,1.22%,31.7396,23.39m,5692
88,02/21/14,32.00,32.16,31.86,32.00,1051678,0.00,0.00%,31.3574,33.67m,6351
89,02/20/14,32.88,33.00,31.68,32.00,1304893,-0.86233,-2.68%,31.3574,41.85m,9306
90,02/19/14,32.90,33.68,32.81,32.88,1736613,-0.019598,-0.06%,32.2198,57.86m,10192
91,02/18/14,31.74,33.13,31.708,32.90,913896,1.2053,3.88%,32.2394,29.87m,7672
92,02/14/14,31.32,31.68,31.08,31.67,513467,0.146988,0.48%,31.0341,16.15m,3485
93,02/13/14,30.30,31.82,30.09,31.52,964395,1.1171,3.75%,30.8871,30.1m,5354
94,02/12/14,30.27,30.56,30.15,30.38,1126815,0.195984,0.66%,29.77,34.2m,8013
95,02/11/14,30.40,30.47,30.07,30.18,949013,-0.058795,-0.20%,29.574,28.65m,6335
96,02/10/14,31.42,31.42,30.14,30.24,1148134,-1.1367,-3.69%,29.6328,41.02m,8741
97,02/07/14,30.03,31.44,30.03,31.40,1249426,1.5777,5.40%,30.7695,38.67m,9946
98,02/06/14,29.53,29.81,29.24,29.79,482682,0.333173,1.15%,29.1918,14.3m,3735
99,02/05/14,28.83,29.55,28.31,29.45,931875,0.73494,2.61%,28.8586,27.06m,7897
100,02/04/14,28.17,28.80,28.08,28.70,1391384,0.597751,2.17%,28.1237,39.31m,9506
101,02/03/14,29.21,29.82,28.045,28.09,1264533,-1.2249,-4.26%,27.526,36.2m,9097
102,01/31/14,29.29,29.57,28.73,29.34,987010,-0.097992,-0.34%,28.7509,28.99m,6872
103,01/30/14,29.69,29.89,29.22,29.44,786983,0.039197,0.14%,28.8488,23.12m,6368
104,01/29/14,30.20,30.35,29.30,29.40,1257795,-0.783936,-2.65%,28.8096,37.22m,9448
105,01/28/14,29.75,30.84,29.33,30.20,1771385,0.97992,3.42%,29.5936,53.45m,11374
106,01/27/14,29.90,30.03,29.14,29.20,1582112,-0.744739,-2.54%,28.6137,46.47m,10168
107,01/24/14,30.28,30.46,29.80,29.96,2122258,-0.725141,-2.41%,29.3584,62.86m,13090
108,01/23/14,32.32,32.44,29.2101,30.70,2541586,-2.195,-6.80%,30.0835,77.43m,18349
109,01/22/14,33.65,33.86,32.59,32.94,1656239,-0.058795,-0.18%,32.2786,54.68m,10366
110,01/21/14,34.50,34.50,31.63,33.00,2958432,-0.666346,-2.02%,32.3374,97.27m,21742
111,01/17/14,33.00,34.49,32.87,33.68,2384811,0.666346,2.06%,33.0037,80.39m,16003
112,01/16/14,33.18,33.28,32.80,33.00,1129040,-0.068594,-0.21%,32.3374,37.26m,9348
113,01/15/14,32.83,33.39,32.65,33.07,1037789,0.293976,0.92%,32.406,34.16m,7526
114,01/14/14,32.63,32.82,32.165,32.77,1463459,0.107791,0.34%,32.112,47.77m,10444
115,01/13/14,32.64,32.78,32.08,32.66,1083610,0.029397,0.09%,32.0042,35.13m,7017
116,01/10/14,32.94,32.988,32.27,32.63,834461,0.088193,0.28%,31.9748,27.22m,5322
117,01/09/14,32.00,33.59,32.00,32.54,1450780,0.12739,0.40%,31.8866,48.25m,9286
118,01/08/14,31.71,32.63,31.59,32.41,1528179,1.1269,3.68%,31.7592,49.36m,8360
119,01/07/14,30.47,31.39,30.32,31.26,1159097,0.862329,2.90%,30.6323,35.88m,7434
120,01/06/14,30.46,30.67,30.11,30.38,2021069,0.107792,0.36%,29.77,61.65m,7268
121,01/03/14,30.08,30.72,30.06,30.27,593274,-0.342972,-1.14%,29.6622,17.93m,4680
122,01/02/14,31.10,31.21,30.36,30.62,463187,-0.86233,-2.79%,30.0052,14.22m,3500
123,12/31/13,31.19,32.00,31.045,31.50,852932,0.48996,1.61%,30.8675,26.98m,4950
124,12/30/13,29.93,31.47,29.89,31.00,848909,1.0485,3.58%,30.3775,26.41m,6935
125,12/27/13,30.20,30.58,29.76,29.93,350856,-0.088192,-0.30%,29.329,10.54m,3348
126,12/26/13,30.57,30.87,29.95,30.02,303729,-0.538956,-1.80%,29.4172,9.18m,2315
127,12/24/13,29.96,30.70,29.6462,30.57,388369,0.597751,2.04%,29.9562,11.74m,2894
128,12/23/13,29.85,30.03,29.80,29.96,377211,0.166586,0.57%,29.3584,11.29m,3058
129,12/20/13,29.80,29.98,29.31,29.79,771743,0.088193,0.30%,29.1918,22.93m,4964
130,12/19/13,29.30,29.77,28.87,29.70,517693,0.039197,0.13%,29.1036,15.19m,4054
131,12/18/13,29.07,29.685,29.02,29.66,595531,0.715341,2.52%,29.0644,17.5m,5290
132,12/17/13,29.41,29.59,28.93,28.93,366642,-0.401767,-1.40%,28.3491,10.67m,3101
133,12/16/13,28.68,29.54,28.62,29.34,519255,-0.166586,-0.58%,28.7509,15.19m,4131
134,12/13/13,29.52,30.12,29.28,29.51,465208,0.303775,1.06%,28.9174,13.77m,3485
135,12/12/13,28.90,29.28,28.71,29.20,497596,0.254779,0.90%,28.6137,14.5m,3738
136,12/11/13,29.40,29.82,28.92,28.94,1206990,-0.627149,-2.16%,28.3589,35.07m,7928
137,12/10/13,29.16,29.61,29.01,29.58,978056,0.146988,0.51%,28.986,28.65m,7416
138,12/09/13,29.80,29.80,29.12,29.43,661103,-0.538956,-1.83%,28.839,19.43m,5460
139,12/06/13,29.87,30.14,29.84,29.98,708449,0.49976,1.73%,29.378,21.24m,4853
140,12/05/13,29.99,30.18,29.37,29.47,861116,-0.509559,-1.73%,28.8782,25.5m,6024
141,12/04/13,29.82,30.39,29.76,29.99,1489176,0.078394,0.27%,29.3878,44.75m,8206
142,12/03/13,30.01,30.05,29.41,29.91,1189507,-0.088193,-0.30%,29.3094,35.5m,7728
143,12/02/13,29.88,31.48,29.88,30.00,1231468,0.303775,1.04%,29.3976,37.54m,7037
144,11/29/13,29.52,29.98,29.28,29.69,475519,0.156787,0.54%,29.0938,14.08m,3108
145,11/27/13,29.42,29.64,29.08,29.53,571149,0.24498,0.85%,28.937,16.78m,3583
146,11/26/13,28.93,29.42,28.91,29.28,812547,0.274378,0.97%,28.6921,23.71m,4740
147,11/25/13,29.62,29.78,28.95,29.00,735459,-0.578153,-1.99%,28.4177,21.39m,5074
148,11/22/13,29.16,29.62,29.00,29.59,853016,0.382169,1.34%,28.9958,25.05m,5128
149,11/21/13,29.00,29.60,28.93,29.20,1001392,0.195984,0.69%,28.6137,29.37m,5719
150,11/20/13,29.15,29.76,28.92,29.00,1160970,-0.166586,-0.58%,28.4177,34m,6099
1,11/19/13,29.78,29.78,28.88,29.17,1565855,-0.48996,-1.69%,28.5843,45.75m,9104
2,11/18/13,28.50,30.73,28.47,29.67,4258099,1.4993,5.44%,29.0742,127.36m,23470
3,11/15/13,27.55,28.27,27.47,28.14,1123396,0.61735,2.29%,27.5749,31.51m,5448
4,11/14/13,26.92,27.65,26.85,27.51,1563924,0.578153,2.19%,26.9576,42.92m,9719
5,11/13/13,26.17,27.15,25.99,26.92,815478,0.72514,2.83%,26.3794,21.84m,4854
6,11/12/13,26.43,26.52,25.86,26.18,717915,-0.23518,-0.91%,25.6543,18.74m,4970
7,11/11/13,26.44,26.55,26.00,26.42,743459,0.039196,0.15%,25.8895,19.58m,5015
8,11/08/13,25.89,26.59,25.855,26.38,982642,0.587952,2.33%,25.8503,25.92m,5214
9,11/07/13,26.59,26.59,25.49,25.78,1464679,-0.783936,-3.01%,25.2623,37.9m,8549
10,11/06/13,26.85,27.08,26.47,26.58,539875,-0.254779,-0.97%,26.0463,14.41m,3779
11,11/05/13,26.70,27.07,26.43,26.84,759702,0.088193,0.34%,26.3011,20.41m,3453
12,11/04/13,26.58,26.87,26.41,26.75,579980,0.088193,0.34%,26.2129,15.43m,4178
13,11/01/13,26.23,26.67,26.04,26.66,941514,0.440964,1.72%,26.1247,24.81m,5721
14,10/31/13,26.73,26.75,26.04,26.21,786603,-0.480161,-1.84%,25.6837,20.64m,5487
15,10/30/13,27.41,27.60,26.54,26.70,401470,-0.705542,-2.63%,26.1639,10.79m,2779
16,10/29/13,26.81,27.44,26.44,27.42,637908,0.872128,3.35%,26.8694,17.25m,3875
17,10/28/13,27.14,27.53,26.30,26.53,1371583,-0.558554,-2.10%,25.9973,36.7m,9338
18,10/25/13,27.30,28.11,25.93,27.10,1410977,-0.960322,-3.49%,26.5558,38.61m,8180
19,10/24/13,26.17,28.40,26.17,28.08,3758569,1.5777,6.08%,27.5162,104.63m,18248
20,10/23/13,27.11,27.11,25.36,26.47,2408741,-0.156788,-0.60%,25.9385,63.17m,15197
21,10/22/13,26.42,27.16,26.23,26.63,1719321,0.440964,1.72%,26.0953,47.93m,9502
22,10/21/13,26.56,26.60,26.00,26.18,998818,-0.274377,-1.06%,25.6543,26.13m,6749
23,10/18/13,26.51,26.92,26.28,26.46,1017703,0.195984,0.76%,25.9287,27.05m,6289
24,10/17/13,25.95,26.50,25.90,26.26,1004672,0.264578,1.04%,25.7327,26.35m,6062
25,10/16/13,25.66,26.19,25.62,25.99,918372,0.529157,2.12%,25.4681,23.82m,4729
26,10/15/13,25.70,25.74,25.30,25.45,668355,-0.088193,-0.35%,24.939,17.05m,4295
27,10/14/13,24.95,25.61,24.75,25.54,674152,0.548755,2.24%,25.0272,16.89m,4539
28,10/11/13,25.06,25.19,24.70,24.98,480979,-0.019598,-0.08%,24.4784,12.01m,3061
29,10/10/13,24.70,25.11,24.70,25.00,650740,0.558554,2.33%,24.498,16.23m,4575
30,10/09/13,23.88,24.57,23.85,24.43,1154239,0.646748,2.78%,23.9394,27.09m,8177
31,10/08/13,25.11,25.11,23.53,23.77,1199598,-1.3621,-5.52%,23.2927,28.83m,7004
32,10/07/13,25.16,25.40,25.06,25.16,480413,-0.166587,-0.67%,24.6548,12.13m,3395
33,10/04/13,25.40,25.40,25.03,25.33,593161,-0.039196,-0.16%,24.8214,14.96m,4293
34,10/03/13,25.61,25.90,25.21,25.37,943741,-0.166587,-0.67%,24.8606,24.04m,6303
35,10/02/13,25.00,25.67,24.78,25.54,1146236,0.529157,2.16%,25.0272,29.08m,7121
36,10/01/13,24.92,25.00,24.84,25.00,741706,0.097992,0.40%,24.498,18.48m,5214
37,09/30/13,24.89,25.00,24.57,24.90,1456988,0.00,0.00%,24.40,36.22m,9259
38,09/27/13,24.60,25.00,24.60,24.90,1143503,0.225382,0.93%,24.40,28.39m,6689
39,09/26/13,24.85,25.00,24.58,24.67,1523639,0.029397,0.12%,24.1746,37.68m,7582
40,09/25/13,23.70,24.74,23.65,24.64,2982905,1.0975,4.76%,24.1452,72.98m,16277
41,09/24/13,23.45,23.88,23.1701,23.52,555846,0.019598,0.09%,23.0477,13.12m,3727
42,09/23/13,23.16,23.57,23.09,23.50,433534,0.401767,1.78%,23.0281,10.14m,2773
43,09/20/13,24.00,24.08,23.06,23.09,2349595,-0.85253,-3.63%,22.6264,54.76m,5631
44,09/19/13,23.83,23.97,23.60,23.96,322747,0.127389,0.55%,23.4789,7.69m,2448
45,09/18/13,24.01,24.01,23.25,23.83,879205,-0.137188,-0.58%,23.3515,20.83m,6050
46,09/17/13,24.26,24.26,23.74,23.97,611185,-0.225382,-0.95%,23.4887,14.64m,3800
47,09/16/13,24.00,24.50,24.00,24.20,1501818,0.401767,1.72%,23.7141,36.52m,8060
48,09/13/13,23.46,24.00,23.10,23.79,1946119,0.48996,2.15%,23.3123,45.85m,11644
49,09/12/13,22.94,23.34,22.61,23.29,1162126,0.303775,1.35%,22.8223,26.85m,6267
50,09/11/13,22.50,23.00,22.43,22.98,658314,0.284177,1.28%,22.5186,15.03m,3989
51,09/10/13,22.00,22.69,22.00,22.69,1010923,0.676145,3.14%,22.2344,22.68m,4997
52,09/09/13,21.95,22.20,21.81,22.00,383992,0.225382,1.06%,21.5582,8.44m,2313
53,09/06/13,21.60,21.93,21.22,21.77,578634,0.391968,1.87%,21.3329,12.58m,3515
54,09/05/13,21.20,21.53,21.18,21.37,397520,0.205783,0.99%,20.9409,8.51m,2753
55,09/04/13,21.30,21.43,20.76,21.16,704372,0.117595,0.57%,20.7351,14.91m,4905
56,09/03/13,21.49,21.72,21.29,21.39,812969,0.154221,0.75%,20.6175,17.43m,5258
57,08/30/13,21.91,21.91,20.91,21.23,1171520,-0.626526,-2.97%,20.4633,24.95m,6449
58,08/29/13,21.89,22.15,21.71,21.88,876809,-0.067471,-0.32%,21.0898,19.22m,5495
59,08/28/13,22.18,22.41,21.66,21.95,666267,-0.414471,-1.92%,21.1573,14.58m,4185
60,08/27/13,22.76,22.79,22.31,22.38,2148897,-0.655442,-2.95%,21.5718,48.48m,11328
61,08/26/13,23.00,23.24,22.76,23.06,732228,0.057833,0.26%,22.2272,16.85m,4088
62,08/23/13,23.06,23.12,22.75,23.00,647308,-0.096389,-0.43%,22.1694,14.86m,3873
63,08/22/13,22.69,23.29,22.50,23.10,911332,0.501221,2.30%,22.2658,20.97m,5145
64,08/21/13,22.24,22.69,22.17,22.58,969798,0.134944,0.62%,21.7645,21.81m,5966
65,08/20/13,22.31,22.52,22.08,22.44,680303,0.106027,0.49%,21.6296,15.18m,3567
66,08/19/13,22.50,22.88,22.25,22.33,737429,-0.154221,-0.71%,21.5236,16.56m,4755
67,08/16/13,22.34,22.79,22.25,22.49,751380,0.038555,0.18%,21.6778,16.94m,4911
68,08/15/13,23.18,23.18,22.23,22.45,785533,-0.92533,-4.10%,21.6392,17.71m,5003
69,08/14/13,23.00,23.44,22.85,23.41,1279712,0.395193,1.78%,22.5646,29.73m,7458
70,08/13/13,23.06,23.19,22.75,23.00,989815,0.048194,0.22%,22.1694,22.75m,5405
71,08/12/13,21.91,22.99,21.814,22.95,1263851,0.915691,4.32%,22.1212,28.76m,8099
72,08/09/13,22.73,22.75,21.96,22.00,957850,-0.867496,-3.93%,21.2055,21.25m,5723
73,08/08/13,22.17,23.02,22.17,22.90,1123924,0.848219,4.00%,22.073,25.64m,6090
74,08/07/13,22.18,22.18,21.64,22.02,730930,-0.154222,-0.72%,21.2248,15.99m,4959
75,08/06/13,22.55,22.77,21.91,22.18,1359468,-0.568692,-2.59%,21.379,30.02m,6938
76,08/05/13,22.80,22.91,22.61,22.77,605791,-0.154222,-0.70%,21.9477,13.79m,3720
77,08/02/13,22.74,22.935,22.53,22.93,577414,0.106028,0.48%,22.1019,13.15m,3773
78,08/01/13,22.54,23.14,22.4399,22.82,1258624,0.607247,2.84%,21.9959,28.79m,7481
79,07/31/13,21.79,22.28,21.74,22.19,1414882,0.42411,2.02%,21.3886,31.24m,7747
80,07/30/13,21.97,22.095,21.75,21.75,905375,-0.077111,-0.37%,20.9645,19.79m,5855
81,07/29/13,21.98,22.41,21.73,21.83,1594507,-0.154222,-0.73%,21.0416,35.09m,9089
82,07/26/13,21.80,22.08,21.77,21.99,1100719,0.096389,0.46%,21.1958,24.18m,5672
83,07/25/13,21.81,22.14,21.75,21.89,1126587,0.134944,0.64%,21.0995,24.68m,7523
84,07/24/13,22.00,22.11,21.705,21.75,1492581,-0.163861,-0.78%,20.9645,32.6m,8718
85,07/23/13,22.30,22.30,21.40,21.92,5075368,-0.722914,-3.31%,21.1284,110.56m,19261
86,07/22/13,22.85,22.85,21.92,22.67,2830650,-0.125305,-0.57%,21.8513,63.16m,15080
87,07/19/13,23.15,23.21,22.48,22.80,1796229,-0.433748,-1.94%,21.9766,40.91m,10261
88,07/18/13,23.52,23.60,22.98,23.25,1305172,-0.221694,-0.98%,22.4103,30.41m,8582
89,07/17/13,23.90,23.95,23.25,23.48,1095748,-0.491582,-2.13%,22.632,25.77m,6251
90,07/16/13,24.27,24.42,23.97,23.99,1379389,-0.202415,-0.87%,23.1236,33.29m,7367
91,07/15/13,24.00,24.24,23.86,24.20,1338029,0.183138,0.79%,23.326,32.26m,5773
92,07/12/13,24.00,24.13,23.74,24.01,752359,-0.086751,-0.37%,23.1429,18.04m,5223
93,07/11/13,23.85,24.15,23.59,24.10,1182341,0.59761,2.64%,23.2296,28.32m,6808
94,07/10/13,23.19,23.56,23.15,23.48,1006962,0.327721,1.47%,22.632,23.63m,7044
95,07/09/13,23.27,23.28,22.5901,23.14,758514,0.009639,0.04%,22.3043,17.47m,4624
96,07/08/13,23.00,23.29,22.68,23.13,1473055,0.144583,0.65%,22.2947,34.04m,9104
97,07/05/13,21.81,23.00,21.69,22.98,2099646,1.4362,6.93%,22.1501,47.58m,10310
98,07/03/13,21.79,22.05,21.30,21.49,976194,-0.58797,-2.76%,20.7139,21.13m,5039
99,07/02/13,22.26,22.63,21.99,22.10,811529,-0.298804,-1.38%,21.3019,18.04m,5155
100,07/01/13,22.18,22.62,22.15,22.41,645050,0.250609,1.17%,21.6007,14.48m,4145
101,06/28/13,22.00,22.28,21.75,22.15,1196519,0.057834,0.27%,21.3501,26.39m,7346
102,06/27/13,21.72,22.15,21.58,22.09,1378942,0.433748,2.08%,21.2922,30.22m,7943
103,06/26/13,21.30,21.82,21.30,21.64,1420604,0.366276,1.79%,20.8585,30.76m,8852
104,06/25/13,20.67,21.41,20.67,21.26,1489894,0.857859,4.37%,20.4922,31.51m,8542
105,06/24/13,20.93,20.93,20.06,20.37,1457846,-1.0121,-4.90%,19.6343,29.77m,8459
106,06/21/13,21.22,21.58,21.17,21.42,2540442,0.414471,2.05%,20.6464,54.39m,9563
107,06/20/13,21.50,21.70,20.70,20.99,1931368,-0.607248,-2.91%,20.232,40.57m,9856
108,06/19/13,21.93,21.97,21.57,21.62,489408,-0.346999,-1.64%,20.8392,10.65m,2912
109,06/18/13,21.73,22.12,21.62,21.98,693157,0.077111,0.37%,21.1862,15.2m,3447
110,06/17/13,22.33,22.53,21.665,21.90,1441022,-0.163861,-0.77%,21.1091,31.77m,8800
111,06/14/13,21.85,22.56,21.81,22.07,1028822,0.134945,0.64%,21.273,22.86m,6063
112,06/13/13,21.72,22.01,21.53,21.93,949778,-0.038556,-0.18%,21.138,20.7m,5428
113,06/12/13,21.70,22.34,21.65,21.97,1087755,0.289166,1.38%,21.1766,23.98m,6818
114,06/11/13,22.15,22.15,21.54,21.67,1939239,-0.76147,-3.52%,20.8874,42.19m,10480
115,06/10/13,22.30,23.11,22.26,22.46,1920374,0.106027,0.49%,21.6489,43.54m,10272
116,06/07/13,21.83,22.40,21.53,22.35,579264,0.472304,2.24%,21.5428,12.83m,3296
117,06/06/13,21.60,22.19,21.57,21.86,1117411,0.057833,0.28%,21.0705,24.4m,7183
118,06/05/13,22.09,22.27,21.68,21.80,1739233,-0.50122,-2.33%,21.0127,38m,8925
119,06/04/13,21.84,22.74,21.84,22.32,1328475,0.279527,1.32%,21.5139,29.7m,7568
120,06/03/13,22.45,22.45,21.69,22.03,1649499,-0.289166,-1.34%,21.2344,36.35m,9703
121,05/31/13,22.35,22.80,22.24,22.33,2296986,-0.221694,-1.02%,21.5236,51.6m,11912
122,05/30/13,21.64,22.67,21.60,22.56,4203171,0.67472,3.20%,21.7453,93m,13311
123,05/29/13,21.05,22.04,21.05,21.86,3892083,0.385555,1.86%,21.0705,84.96m,20315
124,05/28/13,20.43,21.81,20.42,21.46,3306234,1.0892,5.56%,20.685,70.45m,18104
125,05/24/13,20.00,20.48,19.98,20.33,1258817,0.154221,0.79%,19.5958,25.51m,7821
126,05/23/13,19.63,20.315,19.34,20.17,1700137,0.240972,1.26%,19.4416,33.98m,10202
127,05/22/13,20.10,20.51,19.69,19.92,2610388,-0.240972,-1.24%,19.2006,52.58m,13692
128,05/21/13,19.32,20.61,19.32,20.17,4938252,0.838581,4.51%,19.4416,99.32m,26348
129,05/20/13,19.00,19.65,18.93,19.30,4727213,0.298804,1.63%,18.603,90.87m,21971
130,05/17/13,18.85,19.27,18.85,18.99,2295666,0.144583,0.80%,18.3042,43.62m,7913
131,05/16/13,18.84,19.02,18.82,18.84,2668009,-0.057833,-0.32%,18.1596,50.49m,12857
132,05/15/13,18.78,18.97,18.74,18.90,3028504,0.106027,0.59%,18.2174,57.17m,11239
133,05/14/13,18.77,18.99,18.74,18.79,1243346,-0.028916,-0.16%,18.1114,23.43m,5499
134,05/13/13,18.98,19.00,18.57,18.82,1133393,-0.327722,-1.77%,18.1403,21.39m,6633
135,05/10/13,18.70,19.30,18.65,19.16,4308857,0.443388,2.46%,18.468,82.03m,9741
136,05/09/13,18.80,18.855,18.57,18.70,1520655,0.048194,0.27%,18.0247,28.46m,7936
137,05/08/13,18.58,18.75,18.425,18.65,2051001,0.144582,0.81%,17.9765,38.21m,10234
138,05/07/13,19.00,19.02,18.42,18.50,1952495,-0.424109,-2.32%,17.8319,36.69m,5576
139,05/06/13,18.84,19.04,18.69,18.94,2555165,0.269889,1.50%,18.256,48.38m,8706
140,05/03/13,18.60,19.00,18.52,18.66,1133264,0.096388,0.54%,17.9861,21.22m,6022
141,05/02/13,19.20,19.20,18.36,18.56,1219054,-0.568693,-3.08%,17.8897,22.62m,7594
142,05/01/13,19.12,19.30,18.97,19.15,1843057,0.019278,0.10%,18.4584,35.27m,6302
143,04/30/13,19.21,19.35,18.93,19.13,1291203,-0.067472,-0.36%,18.4391,24.73m,8330
144,04/29/13,19.28,19.45,19.07,19.20,1366387,0.077111,0.42%,18.5066,26.32m,7416
145,04/26/13,19.34,19.59,19.03,19.12,1931495,-0.298805,-1.60%,18.4295,37.25m,8649
146,04/25/13,18.90,19.50,18.71,19.43,4896200,0.607248,3.35%,18.7283,94.58m,16852
147,04/24/13,19.30,19.99,18.13,18.80,5429270,-0.192777,-1.05%,18.121,102.97m,26018
148,04/23/13,18.00,19.12,17.90,19.00,3434969,1.041,6.03%,18.3138,64.49m,14896
149,04/22/13,18.29,18.59,17.78,17.92,1941011,-0.308444,-1.75%,17.2728,35.24m,11727
150,04/19/13,18.00,18.38,17.74,18.24,2318316,0.395193,2.30%,17.5813,42.02m,11954
1,04/18/13,17.65,17.97,17.46,17.83,1218801,0.318082,1.89%,17.1861,21.61m,6868
2,04/17/13,17.37,17.69,17.31,17.50,1364344,0.038556,0.23%,16.868,23.89m,8089
3,04/16/13,17.31,17.80,17.2601,17.46,1280799,0.453026,2.77%,16.8294,22.37m,7439
4,04/15/13,17.20,17.20,16.81,16.99,1322940,-0.366277,-2.19%,16.3764,22.49m,8144
5,04/12/13,17.46,17.52,17.205,17.37,1445611,-0.096388,-0.57%,16.7427,25.14m,7723
6,04/11/13,17.83,17.85,17.18,17.47,2419995,-0.375915,-2.18%,16.8391,42.57m,13118
7,04/10/13,17.50,18.07,17.45,17.86,2218628,0.481943,2.88%,17.215,39.59m,12110
8,04/09/13,16.65,17.49,16.65,17.36,1339292,0.510859,3.15%,16.7331,23.14m,7703
9,04/08/13,16.15,17.02,16.03,16.83,1291239,0.732553,4.73%,16.2222,21.62m,7780
10,04/05/13,16.29,16.305,15.63,16.07,2365100,-0.414471,-2.61%,15.4896,37.88m,12826
11,04/04/13,16.50,16.73,16.38,16.50,1052007,-0.009639,-0.06%,15.9041,17.37m,6567
12,04/03/13,17.63,17.63,16.44,16.51,2333747,-0.963885,-5.71%,15.9138,39.12m,12883
13,04/02/13,17.64,17.71,17.43,17.51,670498,0.019278,0.11%,16.8776,11.75m,4043
14,04/01/13,17.92,17.92,17.3001,17.49,1002201,-0.491582,-2.83%,16.8584,17.54m,6510
15,03/28/13,18.00,18.08,17.6893,18.00,1466751,-0.067473,-0.39%,17.3499,26.33m,9057
16,03/27/13,17.28,18.08,17.18,18.07,2643966,0.539777,3.20%,17.4174,46.79m,13672
17,03/26/13,17.38,17.54,17.10,17.51,1990439,0.260249,1.57%,16.8776,34.62m,14435
18,03/25/13,17.23,17.36,17.13,17.24,1249685,0.057833,0.35%,16.6174,21.53m,7014
19,03/22/13,17.10,17.49,16.90,17.18,1239710,-0.212055,-1.26%,16.5596,21.28m,8203
20,03/21/13,17.16,17.50,17.07,17.40,996121,0.260249,1.58%,16.7716,17.32m,6281
21,03/20/13,17.28,17.37,16.46,17.13,2481593,-0.231333,-1.38%,16.5114,42.24m,13630
22,03/19/13,17.07,17.69,17.05,17.37,4318903,0.057834,0.35%,16.7427,75.73m,20651
23,03/18/13,16.14,17.36,16.05,17.31,4563561,1.2434,8.05%,16.6849,77.06m,21620
24,03/15/13,14.83,16.25,14.78,16.02,3659717,1.1952,8.39%,15.4414,57.98m,15815
25,03/14/13,15.12,15.15,14.40,14.78,3342902,-0.202416,-1.40%,14.2462,49.12m,14488
26,03/13/13,15.00,15.10,14.95,14.99,1216966,-0.057833,-0.40%,14.4486,18.26m,6781
27,03/12/13,15.33,15.49,15.00,15.05,720949,-0.356638,-2.40%,14.5065,10.9m,4090
28,03/11/13,15.67,15.69,15.32,15.42,551601,-0.096388,-0.64%,14.8631,8.52m,2893
29,03/08/13,15.22,15.66,15.1902,15.52,838643,0.366277,2.51%,14.9595,12.98m,4670
30,03/07/13,15.23,15.35,14.98,15.14,845608,-0.077111,-0.53%,14.5932,12.76m,4741
31,03/06/13,15.16,15.46,15.08,15.22,919740,0.067471,0.46%,14.6703,14.03m,5078
32,03/05/13,15.06,15.30,14.93,15.15,1503367,0.077111,0.53%,14.6029,22.68m,6997
33,03/04/13,15.37,15.37,14.98,15.07,1449059,-0.424109,-2.84%,14.5258,21.83m,6939
34,03/01/13,15.21,15.72,15.03,15.51,2007242,0.298805,2.04%,14.9499,31.12m,9470
35,02/28/13,15.63,15.75,15.13,15.20,1847124,-0.289167,-1.94%,14.6511,28.32m,10397
36,02/27/13,15.88,16.11,15.33,15.50,2057143,-0.366276,-2.39%,14.9402,32.01m,9432
37,02/26/13,16.15,16.31,15.80,15.88,1089558,-0.202415,-1.31%,15.3065,17.37m,5926
38,02/25/13,16.00,16.55,15.96,16.09,1301068,0.144582,0.94%,15.5089,21.25m,6654
39,02/22/13,15.96,16.07,15.60,15.94,1440491,0.1735,1.14%,15.3643,22.75m,7497
40,02/21/13,16.35,16.36,15.55,15.76,2432484,-0.587971,-3.73%,15.1908,38.56m,13336
41,02/20/13,17.10,17.15,16.31,16.37,2523106,-0.761469,-4.60%,15.7788,41.71m,10374
42,02/19/13,17.10,17.22,16.97,17.16,1088420,0.00,0.00%,16.5403,18.65m,4771
43,02/15/13,17.06,17.26,16.96,17.16,1059892,0.067472,0.41%,16.5403,18.18m,6398
44,02/14/13,16.92,17.19,16.92,17.09,757285,-0.019278,-0.12%,16.4728,12.93m,5060
45,02/13/13,16.88,17.30,16.88,17.11,1311382,0.125305,0.77%,16.4921,22.53m,6304
46,02/12/13,16.80,17.09,16.75,16.98,685117,0.106028,0.65%,16.3668,11.62m,3730
47,02/11/13,16.88,17.0075,16.76,16.87,736180,-0.048195,-0.30%,16.2607,12.42m,4758
48,02/08/13,16.97,16.99,16.70,16.92,1068598,0.038555,0.24%,16.3089,17.99m,6210
49,02/07/13,17.02,17.15,16.77,16.88,1027611,-0.096388,-0.59%,16.2704,17.37m,5790
50,02/06/13,16.90,17.02,16.69,16.98,1860271,-0.009639,-0.06%,16.3668,31.36m,7715
51,02/05/13,17.13,17.19,16.91,16.99,766991,-0.125305,-0.76%,16.3764,13.06m,4430
52,02/04/13,17.50,17.50,16.97,17.12,1193096,-0.41447,-2.45%,16.5017,20.47m,7760
53,02/01/13,17.14,17.75,17.10,17.55,2822974,0.462664,2.81%,16.9162,49.39m,13976
54,01/31/13,16.70,17.1892,16.69,17.07,2389304,0.33736,2.09%,16.4535,40.61m,10824
55,01/30/13,16.29,16.81,16.25,16.72,3231271,0.346999,2.20%,16.1162,53.78m,19963
56,01/29/13,16.74,17.26,16.20,16.36,7291189,-1.4844,-8.60%,15.7692,120.52m,36364
57,01/28/13,18.16,18.39,17.76,17.90,2235039,-0.134944,-0.78%,17.2536,40.05m,13966
58,01/25/13,17.99,18.25,17.89,18.04,1239393,0.048193,0.28%,17.3885,22.39m,8224
59,01/24/13,18.00,18.18,17.82,17.99,1731656,0.00964,0.06%,17.3403,31.14m,11119
60,01/23/13,18.24,18.24,17.91,17.98,2469328,-0.115667,-0.66%,17.3307,44.44m,15765
61,01/22/13,18.37,18.37,17.72,18.10,2774866,-0.240971,-1.36%,17.4463,49.89m,15588
62,01/18/13,18.56,18.65,18.0499,18.35,1638354,-0.028917,-0.16%,17.6873,29.96m,9355
63,01/17/13,19.15,19.16,18.35,18.38,2143355,-0.722914,-3.92%,17.7162,39.76m,12154
64,01/16/13,19.60,19.72,18.95,19.13,1324944,-0.616886,-3.24%,18.4391,25.47m,7579
65,01/15/13,19.04,19.82,19.04,19.77,2096930,0.510859,2.75%,19.056,41.13m,12355
66,01/14/13,18.90,19.38,18.8601,19.24,855043,0.375915,2.07%,18.5452,16.38m,4760
67,01/11/13,19.00,19.00,18.72,18.85,814052,-0.163861,-0.89%,18.1692,15.33m,5370
68,01/10/13,19.20,19.20,18.59,19.02,1365772,-0.173499,-0.94%,18.3331,25.82m,8733
69,01/09/13,19.11,19.45,18.88,19.20,1071736,0.212055,1.16%,18.5066,20.5m,6200
70,01/08/13,19.50,19.57,18.73,18.98,1330903,-0.501221,-2.67%,18.2945,25.42m,6737
71,01/07/13,19.96,20.00,19.45,19.50,953818,-0.481942,-2.50%,18.7958,18.72m,6101
72,01/04/13,20.00,20.12,19.88,20.00,1083879,0.009638,0.05%,19.2777,21.68m,5431
73,01/03/13,20.00,20.14,19.92,19.99,1450508,-0.009638,-0.05%,19.2681,29.02m,7314
74,01/02/13,19.66,20.18,19.63,20.00,1315889,0.549414,2.93%,19.2777,26.27m,5940
75,12/31/12,19.26,19.50,19.10,19.43,931466,0.289166,1.57%,18.7283,18.01m,5477
76,12/28/12,19.37,19.38,19.00,19.13,821062,-0.154222,-0.83%,18.4391,15.71m,5313
77,12/27/12,19.67,19.67,19.18,19.29,788788,-0.192777,-1.03%,18.5934,15.22m,5444
78,12/26/12,19.59,19.72,19.39,19.49,774043,0.106028,0.57%,18.7861,15.12m,4589
79,12/24/12,19.93,19.93,19.01,19.38,652628,-0.395193,-2.07%,18.6801,12.61m,3542
80,12/21/12,19.94,19.97,19.56,19.79,1821447,-0.192778,-1.00%,19.0753,36.07m,10618
81,12/20/12,20.19,20.30,19.80,19.99,1682610,-0.260249,-1.33%,19.2681,33.58m,10893
82,12/19/12,20.03,20.38,20.03,20.26,3279900,0.115667,0.60%,19.5283,66.33m,14487
83,12/18/12,20.10,20.22,19.75,20.14,3458657,0.144582,0.75%,19.4127,69.33m,16946
84,12/17/12,19.70,20.55,19.59,19.99,4768149,0.221694,1.16%,19.2681,95.55m,22819
85,12/14/12,19.35,19.86,19.15,19.76,2500389,0.067472,0.36%,19.0464,49.24m,13831
86,12/13/12,19.39,19.88,19.2405,19.69,2250056,0.433749,2.34%,18.9789,44.2m,12107
87,12/12/12,18.59,19.25,18.50,19.24,2075008,0.722914,4.06%,18.5452,39.39m,11573
88,12/11/12,18.27,18.64,18.25,18.49,2804208,-0.019278,-0.11%,17.8222,51.78m,13059
89,12/10/12,17.30,18.56,17.24,18.51,2448835,0.915691,5.41%,17.8415,44.65m,13282
90,12/07/12,17.67,17.85,17.33,17.56,1539342,0.163861,0.98%,16.9258,27.07m,9023
91,12/06/12,17.42,17.95,17.14,17.39,4509288,0.944608,5.97%,16.762,78.82m,20488
92,12/05/12,18.02,18.14,16.38,16.41,6637906,-1.6097,-9.24%,15.8174,113.53m,24395
93,12/04/12,20.20,20.25,17.779,18.08,10976134,-2.0916,-10.72%,17.4271,209.03m,40165
94,12/03/12,20.00,20.27,19.99,20.25,2900793,0.08675,0.45%,19.5187,58.45m,10991
95,11/30/12,20.85,20.85,19.90,20.16,3605903,-0.771109,-3.82%,19.4319,72.43m,17746
96,11/29/12,19.14,20.99,19.14,20.96,4233644,1.5422,8.26%,20.203,86.29m,20378
97,11/28/12,18.63,19.3699,18.60,19.36,1525843,0.559053,3.09%,18.6608,29.03m,6359
98,11/27/12,18.99,19.01,18.58,18.78,1177358,-0.240971,-1.31%,18.1018,22.1m,6538
99,11/26/12,19.40,19.40,18.80,19.03,1265607,-0.134944,-0.73%,18.3427,24.08m,6274
100,11/23/12,19.42,19.42,19.07,19.17,399305,-0.019278,-0.10%,18.4777,7.66m,2491
101,11/21/12,19.46,19.68,19.08,19.19,2216793,-0.327722,-1.74%,18.497,42.98m,11265
102,11/20/12,19.20,19.54,18.91,19.53,2031079,0.462666,2.52%,18.8247,39.1m,11503
103,11/19/12,19.18,19.25,18.80,19.05,1485683,0.038556,0.21%,18.362,28.23m,7875
104,11/16/12,19.28,19.50,18.92,19.01,3538744,-0.289166,-1.55%,18.3235,67.52m,18030
105,11/15/12,18.31,19.41,18.2999,19.31,5129115,0.780746,4.38%,18.6126,97.17m,22369
106,11/14/12,17.75,18.60,17.75,18.50,2671053,0.587971,3.41%,17.8319,48.94m,13435
107,11/13/12,17.70,17.98,17.70,17.89,1826915,-0.106027,-0.61%,17.2439,32.63m,10293
108,11/12/12,17.25,18.07,17.22,18.00,2914426,0.906052,5.51%,17.3499,51.86m,12811
109,11/09/12,16.76,17.19,16.72,17.06,1085859,0.192777,1.19%,16.4439,18.48m,6193
110,11/08/12,16.77,17.16,16.70,16.86,949259,-0.202416,-1.23%,16.2511,16.1m,6558
111,11/07/12,16.95,17.15,16.61,17.07,2122175,-0.038555,-0.23%,16.4535,35.86m,11453
112,11/06/12,16.73,17.155,16.56,17.11,2521688,0.539776,3.38%,16.4921,42.51m,13146
113,11/05/12,16.95,16.98,16.40,16.55,2819762,-0.096389,-0.60%,15.9523,46.7m,16523
114,11/02/12,17.00,17.09,16.35,16.65,3172102,-0.048194,-0.30%,16.0487,53.03m,18151
115,11/01/12,16.86,17.18,16.47,16.70,2222027,-0.154222,-0.95%,16.0969,37.08m,14208
116,10/31/12,15.95,17.29,15.45,16.86,6077390,0.16386,1.02%,16.2511,99.07m,32588
117,10/26/12,16.95,17.2689,16.60,16.69,3095768,-0.356637,-2.17%,16.0873,51.92m,14628
118,10/25/12,17.33,17.42,16.81,17.06,1999425,-0.269888,-1.61%,16.4439,34.14m,8838
119,10/24/12,17.39,17.4665,17.25,17.34,1414503,0.028917,0.17%,16.7138,24.51m,7345
120,10/23/12,17.21,17.38,17.02,17.31,1226199,-0.077111,-0.46%,16.6849,21.15m,7358
121,10/22/12,17.52,17.738,17.16,17.39,2122708,0.019277,0.12%,16.762,36.88m,11748
122,10/19/12,17.50,17.55,17.18,17.37,1815981,-0.212054,-1.25%,16.7427,31.5m,10652
123,10/18/12,17.69,17.69,17.20,17.59,2000116,0.183138,1.09%,16.9547,34.91m,11738
124,10/17/12,18.00,18.10,17.33,17.40,2961290,-0.443387,-2.58%,16.7716,51.86m,14859
125,10/16/12,17.99,18.10,17.41,17.86,2956628,-0.028917,-0.17%,17.215,52.56m,14109
126,10/15/12,19.34,19.35,17.65,17.89,10047099,0.722915,4.38%,17.2439,183.61m,41197
127,10/12/12,17.96,18.30,16.52,17.14,4634771,-0.780748,-4.51%,16.521,80.38m,19880
128,10/11/12,16.93,18.29,16.92,17.95,4089355,0.973524,5.96%,17.3017,72.53m,19590
129,10/10/12,16.45,17.04,16.395,16.94,2255913,0.347,2.17%,16.3282,37.57m,11517
130,10/09/12,16.58,16.75,16.26,16.58,1322381,0.16386,1.04%,15.9812,21.8m,7253
131,10/08/12,16.71,17.08,16.35,16.41,2304355,-0.298805,-1.85%,15.8174,38.36m,13622
132,10/05/12,16.36,16.90,16.18,16.72,1680277,0.404832,2.58%,16.1162,27.98m,8699
133,10/04/12,16.48,16.55,15.91,16.30,2071314,-0.231332,-1.45%,15.7113,33.47m,10306
134,10/03/12,17.23,17.29,16.25,16.54,3224213,-0.221694,-1.37%,15.9427,53.58m,16306
135,10/02/12,16.66,16.95,16.00,16.77,2437944,0.163861,1.02%,16.1644,40.34m,11828
136,10/01/12,16.73,17.97,15.49,16.60,9547539,-0.067473,-0.42%,16.0005,161.7m,43993
137,09/28/12,15.52,17.13,15.50,16.67,5724704,1.0796,7.20%,16.068,94.82m,24229
138,09/27/12,14.98,15.88,14.66,15.55,6846974,0.954246,6.80%,14.9884,105.37m,24801
139,09/26/12,14.11,15.00,14.05,14.56,2598677,0.42411,3.12%,14.0342,37.94m,13785
140,09/25/12,14.87,14.8999,14.09,14.12,2074609,-0.501221,-3.55%,13.6101,29.67m,10711
141,09/24/12,14.56,15.29,14.46,14.64,3325153,-0.269888,-1.88%,14.1113,49.38m,17375
142,09/21/12,14.00,15.00,13.84,14.92,3954949,1.0699,8.04%,14.3812,57.35m,18787
143,09/20/12,14.41,14.42,13.75,13.81,1283097,-0.607247,-4.36%,13.3113,18m,5216
144,09/19/12,14.38,14.56,14.13,14.44,1028451,0.077111,0.56%,13.9185,14.73m,6458
145,09/18/12,14.29,14.69,14.08,14.36,1530558,0.192776,1.41%,13.8414,21.92m,8379
146,09/17/12,15.00,15.00,14.05,14.16,1964134,-0.742191,-5.16%,13.6486,28.29m,9966
147,09/14/12,14.50,15.20,14.41,14.93,3064818,0.443387,3.18%,14.3908,45.31m,14654
148,09/13/12,14.44,14.50,14.36,14.47,1138463,-0.028917,-0.21%,13.9474,16.46m,5797
149,09/12/12,14.29,14.50,14.25,14.50,1777479,0.00,0.00%,13.9763,25.74m,6838
150,09/11/12,14.48,14.52,14.34,14.50,1514284,0.096389,0.69%,13.9763,21.94m,7166
1,09/10/12,14.77,14.80,14.39,14.40,1640211,-0.375915,-2.64%,13.88,23.85m,8643
2,09/07/12,14.19,15.0299,14.14,14.79,2817146,0.771108,5.72%,14.2559,41.52m,16682
3,09/06/12,13.58,14.115,13.49,13.99,1297311,0.404832,3.10%,13.4848,18.1m,7464
4,09/05/12,13.26,13.69,13.26,13.57,1475408,0.221693,1.72%,13.0799,20.01m,8291
5,09/04/12,13.70,13.91,13.26,13.34,1968039,-0.539775,-4.03%,12.8582,26.57m,12605
6,08/31/12,13.66,13.99,13.60,13.90,1838226,0.231333,1.76%,13.398,25.51m,10131
7,08/30/12,13.30,13.73,13.28,13.66,1354657,0.366276,2.86%,13.1667,18.4m,8833
8,08/29/12,13.50,13.58,13.20,13.28,1491039,-0.028913,-0.23%,12.8004,19.84m,9074
9,08/28/12,13.80,13.96,13.58,13.61,1419543,0.172174,1.36%,12.8293,19.51m,8664
10,08/27/12,14.28,14.42,13.55,13.73,2139794,-0.322651,-2.49%,12.6571,29.61m,12355
11,08/24/12,14.69,14.69,13.95,14.08,2225863,-0.377963,-2.83%,12.9798,31.29m,13770
12,08/23/12,14.82,14.85,14.35,14.49,1822412,-0.12906,-0.96%,13.3578,26.43m,10356
13,08/22/12,14.49,14.63,14.31,14.63,1748002,0.175154,1.32%,13.4868,25.27m,9913
14,08/21/12,14.28,14.48,14.04,14.44,1967635,0.359524,2.78%,13.3117,28.04m,11118
15,08/20/12,13.94,14.22,13.69,14.05,1440309,0.110624,0.86%,12.9521,20.04m,8481
16,08/17/12,13.98,14.05,13.76,13.93,1326754,0.027657,0.22%,12.8415,18.4m,7313
17,08/16/12,13.66,14.19,13.52,13.90,2710979,0.248901,1.98%,12.8139,37.84m,13848
18,08/15/12,13.50,13.65,13.35,13.63,1688172,0.009219,0.07%,12.565,22.81m,10069
19,08/14/12,13.13,13.765,13.05,13.62,3653560,0.202809,1.64%,12.5557,49.57m,18673
20,08/13/12,13.19,13.98,13.17,13.40,7146875,0.46093,3.88%,12.3529,97.11m,39428
21,08/10/12,12.25,13.04,12.1905,12.90,4643315,0.792801,7.14%,11.892,59.17m,19633
22,08/09/12,12.20,12.29,11.81,12.04,1698054,0.156714,1.43%,11.0992,20.36m,8533
23,08/08/12,12.10,12.36,11.80,11.87,1923546,-0.221245,-1.98%,10.9425,23.17m,10600
24,08/07/12,11.80,12.34,11.5175,12.11,3277835,0.193591,1.76%,11.1637,39.71m,16430
25,08/06/12,11.47,12.23,11.47,11.90,3056589,0.52546,5.03%,10.9701,36.35m,16923
26,08/03/12,11.83,11.9499,11.28,11.33,2135593,-0.359526,-3.33%,10.4447,24.52m,11706
27,08/02/12,11.06,11.80,11.01,11.72,3987705,0.451712,4.36%,10.8042,46.14m,19675
28,08/01/12,11.23,11.23,11.23,11.23,16154,-0.175154,-1.66%,10.3525,181.41k,13622
29,07/31/12,10.92,11.46,10.62,11.42,5115880,0.479367,4.77%,10.5276,56.5m,23521
30,07/30/12,12.00,12.13,10.5801,10.90,6605836,-0.967953,-8.79%,10.0483,73.82m,28112
31,07/27/12,11.73,12.12,11.705,11.95,3250596,0.212028,1.96%,11.0162,38.81m,16570
32,07/26/12,11.59,11.87,11.42,11.72,3808808,0.212028,2.00%,10.8042,44.45m,17422
33,07/25/12,12.30,12.45,11.41,11.49,7352525,-0.746707,-6.59%,10.5922,86.09m,30446
34,07/24/12,12.54,12.54,12.15,12.30,7429495,0.101404,0.90%,11.3389,91.37m,25270
35,07/23/12,12.77,13.12,11.98,12.19,12918503,-0.663739,-5.58%,11.2375,158.78m,51585
36,07/20/12,12.45,13.39,12.11,12.91,18154756,1.5764,15.27%,11.9012,227.67m,63444
37,07/19/12,10.56,13.06,10.40,11.20,48181012,1.5672,17.89%,10.3248,552.14m,154527
38,07/18/12,14.97,15.04,9.41,9.50,69350413,-4.7199,-35.02%,8.7577,814.58m,257168
39,07/17/12,15.00,17.50,13.86,14.62,30644128,-7.043,-34.32%,13.4776,478.38m,102606
40,07/16/12,22.46,22.51,21.94,22.26,3039180,-0.175153,-0.85%,20.5206,67.43m,14945
41,07/13/12,22.66,22.75,22.23,22.45,1455179,-0.193591,-0.93%,20.6958,32.68m,6639
42,07/12/12,22.74,22.84,22.51,22.66,1752161,-0.239682,-1.13%,20.8894,39.84m,9934
43,07/11/12,23.67,23.76,22.62,22.92,2547149,-0.442494,-2.05%,21.129,58.23m,10030
44,07/10/12,24.25,24.49,23.18,23.40,1630429,-0.599209,-2.70%,21.5715,38.32m,7506
45,07/09/12,24.38,24.81,23.99,24.05,1026029,-0.599208,-2.63%,22.1707,24.86m,6398
46,07/06/12,24.53,24.73,24.50,24.70,1229572,-0.138279,-0.60%,22.7699,30.33m,7116
47,07/05/12,24.10,25.07,24.00,24.85,3138952,0.783581,3.54%,22.9082,77.94m,15023
48,07/03/12,24.04,24.06,23.55,24.00,427381,-0.00922,-0.04%,22.1246,10.24m,2929
49,07/02/12,24.73,24.73,23.93,24.01,1758034,-0.45171,-2.00%,22.1339,42.38m,8384
50,06/29/12,25.40,25.40,24.24,24.50,1759796,-0.497805,-2.16%,22.5856,43.29m,9315
51,06/28/12,25.21,25.67,24.89,25.04,852176,-0.497804,-2.11%,23.0834,21.49m,4831
52,06/27/12,25.07,25.75,25.03,25.58,757621,0.52546,2.28%,23.5812,19.3m,5844
53,06/26/12,24.65,25.21,24.58,25.01,1312331,0.589991,2.63%,23.0557,32.78m,8937
54,06/25/12,24.99,25.16,24.01,24.37,1875698,-1.0786,-4.58%,22.4657,46.15m,12527
55,06/22/12,26.44,26.44,25.445,25.54,1106574,-0.617645,-2.56%,23.5443,28.56m,7109
56,06/21/12,27.20,27.20,26.20,26.21,1111172,-0.903423,-3.60%,24.162,29.27m,8032
57,06/20/12,28.10,28.10,27.00,27.19,619961,-0.516241,-2.02%,25.0654,16.89m,4229
58,06/19/12,27.36,28.14,27.31,27.75,474114,0.387181,1.54%,25.5816,13.13m,3318
59,06/18/12,28.03,28.33,27.13,27.33,693874,-0.85733,-3.29%,25.1944,19.09m,5309
60,06/15/12,27.26,28.28,27.15,28.26,618352,0.977171,3.90%,26.0518,17.32m,
61,06/14/12,27.09,27.30,26.92,27.20,397282,0.156717,0.63%,25.0746,10.79m,
62,06/13/12,27.22,27.41,26.96,27.03,268126,-0.147498,-0.59%,24.9179,7.27m,
63,06/12/12,27.26,27.50,26.99,27.19,3226967,0.212028,0.85%,25.0654,87.74m,
64,06/11/12,27.83,27.94,26.93,26.96,317824,-0.488586,-1.93%,24.8533,8.72m,
65,06/08/12,27.06,27.50,26.82,27.49,284327,0.322651,1.29%,25.3419,7.77m,
66,06/07/12,27.48,27.75,27.09,27.14,419227,-0.009219,-0.04%,25.0193,11.46m,
67,06/06/12,27.08,27.60,26.64,27.15,474291,0.25812,1.04%,25.0285,12.91m,
68,06/05/12,26.30,26.99,26.14,26.87,587698,0.470149,1.93%,24.7704,15.69m,
69,06/04/12,26.21,26.76,26.00,26.36,619756,0.147499,0.61%,24.3002,16.31m,
70,06/01/12,26.00,26.44,26.00,26.20,987613,-0.285777,-1.17%,24.1527,25.9m,
71,05/31/12,26.60,26.94,25.92,26.51,692901,-0.055312,-0.23%,24.4385,18.27m,
72,05/30/12,26.98,27.34,26.53,26.57,576625,-0.820455,-3.24%,24.4938,15.54m,
73,05/29/12,26.57,27.49,26.57,27.46,635216,1.1339,4.69%,25.3143,17.28m,
74,05/25/12,26.36,26.55,26.13,26.23,377085,-0.046093,-0.19%,24.1804,9.93m,
75,05/24/12,26.52,26.56,26.01,26.28,418660,-0.212028,-0.87%,24.2265,10.99m,
76,05/23/12,26.75,26.82,26.09,26.51,814965,-0.580772,-2.32%,24.4385,21.51m,
77,05/22/12,26.75,27.51,26.705,27.14,1156139,0.276558,1.12%,25.0193,31.48m,
78,05/21/12,26.02,26.91,25.71,26.84,1188972,0.967953,4.07%,24.7427,31.54m,
79,05/18/12,26.25,27.12,25.67,25.79,956703,-0.488585,-2.01%,23.7748,25.18m,
80,05/17/12,26.34,26.54,26.13,26.32,1695895,0.082967,0.34%,24.2634,44.58m,
81,05/16/12,27.40,27.66,26.20,26.23,1041775,-1.014,-4.02%,24.1804,27.9m,
82,05/15/12,27.09,27.61,27.00,27.33,460642,0.110623,0.44%,25.1944,12.62m,
83,05/14/12,27.32,27.78,27.18,27.21,611541,-0.497804,-1.95%,25.0838,16.8m,
84,05/11/12,27.50,28.16,27.32,27.75,581539,-0.073749,-0.29%,25.5816,16.21m,
85,05/10/12,28.43,28.45,27.70,27.83,1123711,-0.414837,-1.59%,25.6554,31.43m,
86,05/09/12,28.28,28.56,28.14,28.28,1660121,-0.460929,-1.74%,26.0702,47m,
87,05/08/12,28.19,28.88,28.18,28.78,1708061,0.19359,0.74%,26.5311,48.86m,
88,05/07/12,28.58,28.68,28.20,28.57,1617324,-0.101405,-0.38%,26.3375,46.06m,
89,05/04/12,28.06,28.80,28.06,28.68,1484516,0.165935,0.63%,26.4389,42.43m,
90,05/03/12,28.70,28.85,28.05,28.50,1493250,-0.294996,-1.11%,26.273,42.31m,
91,05/02/12,27.37,28.87,27.37,28.82,1287969,1.1984,4.72%,26.568,36.69m,
92,05/01/12,26.91,27.63,26.81,27.52,1064216,0.728269,2.96%,25.3696,29.03m,
93,04/30/12,26.89,26.94,26.28,26.73,723239,-0.156716,-0.63%,24.6413,19.27m,
94,04/27/12,26.32,27.00,26.00,26.90,994468,0.682177,2.83%,24.798,26.48m,
95,04/26/12,25.78,26.35,25.66,26.16,2084142,0.359525,1.51%,24.1159,54.04m,
96,04/25/12,26.08,26.16,25.62,25.77,516670,-0.009218,-0.04%,23.7563,13.35m,
97,04/24/12,25.93,26.12,25.60,25.78,708757,-0.110623,-0.46%,23.7656,18.29m,
98,04/23/12,26.60,26.82,25.33,25.90,1317953,-1.097,-4.39%,23.8762,34.13m,
99,04/20/12,27.55,27.62,26.99,27.09,719750,-0.276558,-1.10%,24.9732,19.62m,
100,04/19/12,27.57,27.99,27.18,27.39,668932,-0.036875,-0.15%,25.2497,18.44m,
101,04/18/12,27.50,27.79,27.36,27.43,539074,-0.405617,-1.58%,25.2866,14.83m,
102,04/17/12,27.80,29.19,27.39,27.87,1838976,0.884985,3.57%,25.6922,52.05m,
103,04/16/12,27.55,27.72,26.27,26.91,1264908,-0.608427,-2.39%,24.8073,33.85m,
104,04/13/12,27.70,27.94,27.10,27.57,844064,-0.276558,-1.08%,25.4157,23.23m,
105,04/12/12,27.69,28.49,27.53,27.87,930325,0.073748,0.29%,25.6922,25.94m,
106,04/11/12,27.77,28.00,27.43,27.79,609672,0.691395,2.77%,25.6185,16.93m,
107,04/10/12,27.12,27.35,26.70,27.04,702973,-0.202809,-0.81%,24.9271,18.97m,
108,04/09/12,27.13,27.47,27.01,27.26,450684,-0.479367,-1.87%,25.1299,12.27m,
109,04/05/12,27.47,28.01,27.40,27.78,784061,0.027656,0.11%,25.6093,21.73m,
110,04/04/12,28.00,28.09,27.47,27.75,659971,-0.516243,-1.98%,25.5816,18.31m,
111,04/03/12,28.16,28.80,28.16,28.31,537618,-0.036874,-0.14%,26.0979,15.31m,
112,04/02/12,27.50,28.4899,27.48,28.35,813861,0.820456,3.24%,26.1347,22.98m,
113,03/30/12,26.88,27.62,26.74,27.46,1040339,0.774363,3.16%,25.3143,28.47m,
114,03/29/12,26.20,26.87,26.00,26.62,1490734,0.202809,0.83%,24.5399,39.41m,
115,03/28/12,27.22,27.22,26.05,26.40,995977,-0.470149,-1.90%,24.3371,26.34m,
116,03/27/12,27.33,27.54,26.55,26.91,735953,-0.359526,-1.43%,24.8073,19.91m,
117,03/26/12,27.22,27.52,26.96,27.30,593685,0.304214,1.22%,25.1668,16.18m,
118,03/23/12,27.00,27.01,26.17,26.97,701783,-0.027656,-0.11%,24.8626,18.73m,
119,03/22/12,27.59,27.60,26.76,27.00,1895260,-0.977171,-3.78%,24.8902,51.41m,
120,03/21/12,28.58,28.62,27.95,28.06,1351328,-0.497804,-1.89%,25.8674,38.03m,
121,03/20/12,28.04,28.75,28.03,28.60,1596331,0.377962,1.45%,26.3652,45.24m,
122,03/19/12,27.74,28.38,27.51,28.19,660912,0.470149,1.84%,25.9872,18.5m,
123,03/16/12,27.95,28.29,27.49,27.68,1045581,-0.19359,-0.75%,25.5171,29.13m,
124,03/15/12,26.10,27.99,25.99,27.89,998216,1.7147,7.15%,25.7107,27.17m,
125,03/14/12,26.89,26.93,25.98,26.03,1818859,-0.700613,-2.84%,23.996,47.77m,
126,03/13/12,27.07,27.31,26.46,26.79,803833,-0.20281,-0.81%,24.6966,21.51m,
127,03/12/12,27.43,27.90,26.88,27.01,779829,-0.359525,-1.42%,24.8994,21.14m,
128,03/09/12,28.01,28.03,27.35,27.40,1028913,-0.58999,-2.28%,25.259,28.5m,
129,03/08/12,27.03,28.12,26.95,28.04,932214,1.2169,4.94%,25.849,25.91m,
130,03/07/12,25.83,27.05,25.83,26.72,810092,0.829673,3.49%,24.6321,21.48m,
131,03/06/12,26.69,26.69,25.82,25.82,1474015,-1.0694,-4.30%,23.8024,38.61m,
132,03/05/12,27.14,27.62,26.96,26.98,1382769,-0.055311,-0.22%,24.8718,37.6m,
133,03/02/12,26.28,27.76,26.25,27.04,1013671,0.820454,3.40%,24.9271,27.43m,
134,03/01/12,26.41,26.81,25.96,26.15,535374,-0.331868,-1.36%,24.1066,14.11m,
135,02/29/12,26.45,26.60,26.25,26.51,757611,0.156717,0.65%,24.4385,20.07m,
136,02/28/12,25.92,26.50,25.66,26.34,829075,0.313432,1.31%,24.2818,21.73m,
137,02/27/12,25.80,26.15,25.49,26.00,525181,-0.138281,-0.57%,23.9684,13.6m,
138,02/24/12,25.81,26.25,25.47,26.15,771282,0.064531,0.27%,24.1066,20.07m,
139,02/23/12,26.30,26.45,25.98,26.08,549000,-0.12906,-0.53%,24.0421,14.34m,
140,02/22/12,26.46,26.89,26.07,26.22,886632,0.055312,0.23%,24.1712,23.39m,
141,02/21/12,27.00,27.38,25.94,26.16,1498753,-0.820455,-3.29%,24.1159,39.63m,
142,02/17/12,27.00,27.31,26.9405,27.05,645536,0.165933,0.67%,24.9363,17.52m,
143,02/16/12,26.50,27.15,26.38,26.87,987410,0.276559,1.13%,24.7704,26.56m,
144,02/15/12,26.50,26.69,26.24,26.57,804942,0.175153,0.72%,24.4938,21.34m,
145,02/14/12,25.68,26.87,25.66,26.38,1021751,0.636084,2.69%,24.3187,26.88m,
146,02/13/12,25.51,25.97,25.44,25.69,944583,0.276559,1.18%,23.6826,24.29m,
147,02/10/12,25.00,25.65,24.96,25.39,974890,-0.221246,-0.94%,23.406,24.77m,
148,02/09/12,25.24,25.86,25.23,25.63,839094,0.313431,1.34%,23.6273,21.51m,
149,02/08/12,25.00,25.80,24.96,25.29,1652773,0.248902,1.08%,23.3138,41.96m,
150,02/07/12,25.18,25.86,24.97,25.02,899457,-0.285776,-1.22%,23.0649,22.73m,
1,02/06/12,25.54,26.21,24.50,25.33,3059949,-0.488586,-2.05%,23.3507,77.33m,
2,02/03/12,25.22,25.92,25.00,25.86,1203891,0.7928,3.44%,23.8393,30.74m,
3,02/02/12,24.30,25.59,24.29,25.00,1977473,0.65452,2.92%,23.0465,49.55m,
4,02/01/12,23.87,24.55,23.765,24.29,1319624,0.433274,1.97%,22.392,31.99m,
5,01/31/12,23.93,24.16,23.30,23.82,1553392,0.036876,0.17%,21.9587,36.85m,
6,01/30/12,24.17,24.44,23.56,23.78,1551448,-0.746708,-3.29%,21.9218,37.05m,
7,01/27/12,23.60,24.73,23.60,24.59,1630624,0.488587,2.20%,22.6685,39.35m,
8,01/26/12,23.75,24.30,23.50,24.06,1297741,0.451711,2.08%,22.18,31.12m,
9,01/25/12,23.10,23.83,22.95,23.57,887422,0.516241,2.43%,21.7282,20.82m,
10,01/24/12,22.34,23.08,22.26,23.01,517093,0.442494,2.13%,21.212,11.78m,
11,01/23/12,23.34,23.34,22.50,22.53,925604,-0.682177,-3.18%,20.7695,21.07m,
12,01/20/12,23.01,23.49,22.68,23.27,1114592,0.350306,1.66%,21.4517,25.92m,
13,01/19/12,24.00,24.77,22.81,22.89,2744858,-1.1062,-4.98%,21.1014,65.03m,
14,01/18/12,22.24,24.20,22.20,24.09,3095520,1.5948,7.74%,22.2076,72.69m,
15,01/17/12,23.13,23.67,21.8799,22.36,6218536,-2.6365,-11.34%,20.6128,139.97m,
16,01/13/12,24.48,25.25,24.23,25.22,1353061,0.589991,2.60%,23.2493,33.44m,
17,01/12/12,24.30,24.61,23.93,24.58,693479,0.433274,1.95%,22.6593,16.89m,
18,01/11/12,23.85,24.17,23.61,24.11,602361,0.267339,1.22%,22.226,14.39m,
19,01/10/12,22.60,23.93,22.44,23.82,1040076,1.5764,7.73%,21.9587,24.29m,
20,01/09/12,22.47,22.54,21.54,22.11,1157679,-0.193591,-0.94%,20.3823,25.47m,
21,01/06/12,23.09,23.09,22.16,22.32,925770,-0.534679,-2.53%,20.5759,20.78m,
22,01/05/12,22.65,23.065,22.19,22.90,1097566,0.184371,0.88%,21.1106,24.83m,
23,01/04/12,23.73,23.79,22.26,22.70,1985013,-0.97717,-4.46%,20.9262,44.97m,
24,01/03/12,24.57,25.04,23.59,23.76,995219,-0.267341,-1.21%,21.9034,24.12m,
25,12/30/11,23.67,24.20,23.65,24.05,745936,0.276558,1.26%,22.1707,17.94m,
26,12/29/11,23.93,24.04,23.37,23.75,616471,-0.129061,-0.59%,21.8942,14.59m,
27,12/28/11,24.04,24.18,23.63,23.89,731851,-0.19359,-0.87%,22.0232,17.47m,
28,12/27/11,23.87,24.21,23.79,24.10,388711,0.018438,0.08%,22.2168,9.36m,
29,12/23/11,23.88,24.20,23.76,24.08,474619,0.175152,0.80%,22.1984,11.4m,
30,12/22/11,23.11,23.97,23.11,23.89,773748,0.719053,3.38%,22.0232,18.29m,
31,12/21/11,22.80,23.28,22.27,23.11,1250037,0.331869,1.58%,21.3042,28.48m,
32,12/20/11,21.91,23.12,21.84,22.75,1310738,1.1892,6.01%,20.9723,29.68m,
33,12/19/11,21.74,21.99,21.41,21.46,884417,-0.258121,-1.29%,19.7831,19.16m,
34,12/16/11,22.03,22.10,20.75,21.74,2996807,-0.06453,-0.32%,20.0412,63.86m,
35,12/15/11,22.51,22.65,21.68,21.81,2595419,-0.258121,-1.27%,20.1058,57.35m,
36,12/14/11,22.72,22.88,22.00,22.09,1563756,-0.719051,-3.41%,20.3639,34.83m,
37,12/13/11,24.00,24.15,22.745,22.87,875523,-0.829674,-3.79%,21.0829,20.33m,
38,12/12/11,23.82,23.925,23.32,23.77,772822,-0.377961,-1.70%,21.9126,18.29m,
39,12/09/11,24.23,24.35,23.81,24.18,626172,0.184371,0.83%,22.2906,15.08m,
40,12/08/11,24.40,24.50,23.915,23.98,973572,-0.663739,-2.91%,22.1062,23.47m,
41,12/07/11,25.19,25.35,24.56,24.70,789663,-0.451711,-1.95%,22.7699,19.6m,
42,12/06/11,25.61,25.96,25.12,25.19,788402,-0.460931,-1.95%,23.2217,20.07m,
43,12/05/11,25.34,25.85,25.11,25.69,1001708,0.691394,3.01%,23.6826,25.62m,
44,12/02/11,25.05,25.30,24.85,24.94,643377,0.165936,0.73%,22.9912,16.1m,
45,12/01/11,25.34,26.11,24.67,24.76,1009154,-0.442494,-1.90%,22.8253,25.47m,
46,11/30/11,25.25,25.81,24.70,25.24,1414032,1.2076,5.47%,23.2677,35.34m,
47,11/29/11,23.49,24.33,23.34,23.93,1267542,0.350307,1.61%,22.0601,30.37m,
48,11/28/11,24.43,24.71,23.34,23.55,2267409,0.082968,0.38%,21.7098,54.27m,
49,11/25/11,22.73,23.64,22.73,23.46,444495,0.553115,2.62%,21.6268,10.42m,
50,11/23/11,23.30,23.65,22.79,22.86,2311911,-0.71905,-3.30%,21.0737,53.22m,
51,11/22/11,22.50,23.85,22.45,23.64,2588108,1.1247,5.44%,21.7928,60.13m,
52,11/21/11,23.02,23.98,22.10,22.42,4492241,-0.331869,-1.58%,20.6681,103.13m,
53,11/18/11,25.19,25.21,22.73,22.78,5068493,-1.9451,-8.48%,21.00,119.73m,
54,11/17/11,25.53,25.84,24.81,24.89,2316666,-0.921861,-3.86%,22.9451,58.18m,
55,11/16/11,25.53,26.44,25.44,25.89,1796206,0.193591,0.82%,23.867,46.94m,
56,11/15/11,26.28,26.33,25.63,25.68,1412553,-0.52546,-2.17%,23.6734,36.53m,
57,11/14/11,27.11,27.2388,26.04,26.25,1268346,-0.783581,-3.14%,24.1988,33.47m,
58,11/11/11,27.43,27.63,26.69,27.10,1222836,-0.110624,-0.44%,24.9824,33m,
59,11/10/11,28.04,28.53,27.04,27.22,708690,-0.682175,-2.65%,25.093,19.56m,
60,11/09/11,28.02,28.60,27.84,27.96,632459,-0.912642,-3.42%,25.7752,17.78m,
61,11/08/11,28.68,29.06,28.1801,28.95,524707,0.304214,1.15%,26.6878,15.09m,
62,11/07/11,28.76,29.04,28.17,28.62,526598,-0.212027,-0.80%,26.3836,15.05m,
63,11/04/11,29.39,29.53,28.44,28.85,917646,-0.525461,-1.94%,26.5957,26.39m,
64,11/03/11,29.40,29.58,28.99,29.42,807788,0.06453,0.24%,27.1211,23.74m,
65,11/02/11,29.00,29.57,28.90,29.35,856925,0.184372,0.69%,27.0566,25.06m,
66,11/01/11,28.40,29.90,28.10,29.15,1132711,-0.451711,-1.65%,26.8722,32.93m,
67,10/31/11,30.00,30.30,29.64,29.64,818295,-0.3964,-1.43%,27.3239,24.46m,
68,10/28/11,29.92,30.63,29.79,30.07,1288406,-0.009219,-0.03%,27.7203,38.93m,
69,10/27/11,29.22,30.29,29.22,30.08,1515282,1.3367,5.06%,27.7296,45.29m,
70,10/26/11,28.49,28.96,27.45,28.63,1279863,0.405619,1.56%,26.3929,36.34m,
71,10/25/11,28.42,28.70,27.53,28.19,866470,-0.147498,-0.56%,25.9872,24.46m,
72,10/24/11,27.00,28.37,27.00,28.35,1419453,1.2906,5.19%,26.1347,39.66m,
73,10/21/11,25.86,27.38,25.51,26.95,2764879,1.2814,5.44%,24.8441,74.39m,
74,10/20/11,26.23,26.54,24.71,25.56,1886886,-0.92186,-3.77%,23.5627,47.76m,
75,10/19/11,26.44,27.02,25.62,26.56,2834182,0.156716,0.64%,24.4846,74.94m,
76,10/18/11,28.47,28.47,23.80,26.39,8022622,-3.3371,-12.06%,24.3279,207.37m,
77,10/17/11,29.96,30.97,29.90,30.01,2671137,-0.175153,-0.63%,27.665,81.39m,
78,10/14/11,30.45,30.56,29.71,30.20,1159809,0.248902,0.90%,27.8402,34.92m,
79,10/13/11,30.33,30.50,29.49,29.93,1749078,-0.350307,-1.25%,27.5913,52.48m,
80,10/12/11,29.92,30.89,29.75,30.31,1788522,0.682177,2.50%,27.9416,54.51m,
81,10/11/11,28.34,29.78,27.99,29.57,1730200,0.931078,3.54%,27.2594,50.89m,
82,10/10/11,27.71,28.80,27.55,28.56,1936310,1.1615,4.62%,26.3283,54.89m,
83,10/07/11,27.35,27.87,26.75,27.30,2734225,-0.12906,-0.51%,25.1668,74.36m,
84,10/06/11,25.66,27.52,24.99,27.44,3333612,1.8622,7.95%,25.2958,88.73m,
85,10/05/11,23.02,25.66,22.82,25.42,2759976,2.0742,9.71%,23.4337,67.42m,
86,10/04/11,20.61,23.30,20.61,23.17,4383012,1.6593,8.42%,21.3595,93.29m,
87,10/03/11,22.95,23.97,21.26,21.37,4115568,-1.475,-6.97%,19.7002,91.92m,
88,09/30/11,24.08,25.28,22.91,22.97,4879973,-1.2814,-5.71%,21.1751,116.61m,
89,09/29/11,28.25,28.30,22.51,24.36,4913209,-2.9684,-11.68%,22.4565,121.2m,
90,09/28/11,29.18,29.50,27.57,27.58,1085119,-2.0926,-7.60%,25.4249,30.92m,
91,09/27/11,28.61,30.04,28.61,29.85,1311999,1.8161,7.07%,27.5175,38.92m,
92,09/26/11,28.23,28.42,26.75,27.88,1146678,-0.359526,-1.38%,25.7015,31.81m,
93,09/23/11,27.07,28.88,26.85,28.27,1343912,1.014,4.05%,26.061,37.85m,
94,09/22/11,28.53,28.62,26.78,27.17,1914190,-2.0004,-7.40%,25.0469,52.2m,
95,09/21/11,32.43,32.52,29.30,29.34,2129080,-2.7656,-9.28%,27.0474,64.66m,
96,09/20/11,33.00,33.77,32.295,32.34,769983,-0.377964,-1.25%,29.813,25.4m,
97,09/19/11,32.01,32.84,31.99,32.75,1217206,0.267341,0.89%,30.1909,39.52m,
98,09/16/11,33.00,33.40,32.20,32.46,1057108,-0.626866,-2.05%,29.9236,34.61m,
99,09/15/11,33.87,34.23,33.01,33.14,1517181,-0.516241,-1.66%,30.5504,50.81m,
100,09/14/11,32.91,34.77,32.88,33.70,1691993,1.0694,3.56%,31.0667,57.41m,
101,09/13/11,31.97,32.67,31.76,32.54,1191562,0.525462,1.78%,29.9973,38.5m,
102,09/12/11,31.26,32.00,30.98,31.97,824005,0.313431,1.07%,29.4719,25.21m,
103,09/09/11,31.80,32.18,31.17,31.63,785816,-0.497804,-1.68%,29.1584,24.8m,
104,09/08/11,31.32,32.35,31.17,32.17,1417373,0.507023,1.74%,29.6562,45.33m,
105,09/07/11,30.30,31.84,30.10,31.62,1265448,1.9083,7.01%,29.1492,39.39m,
106,09/06/11,29.23,29.57,28.375,29.55,887128,-0.036874,-0.14%,27.241,25.68m,
107,09/02/11,29.49,30.40,29.40,29.59,1103906,-0.387181,-1.40%,27.2778,32.97m,
108,09/01/11,30.58,30.71,29.73,30.01,1175555,-0.451712,-1.61%,27.665,35.29m,
109,08/31/11,29.17,30.62,29.10,30.50,2010666,1.4289,5.35%,28.1167,60.65m,
110,08/30/11,27.78,29.15,27.64,28.95,977200,0.838893,3.25%,26.6878,27.81m,
111,08/29/11,27.40,28.04,27.23,28.04,564823,0.894205,3.58%,25.849,15.66m,
112,08/26/11,26.62,27.18,26.49,27.07,426557,0.248901,1.01%,24.9548,11.49m,
113,08/25/11,28.03,28.07,26.67,26.80,622788,-0.765143,-3.00%,24.7058,16.84m,
114,08/24/11,28.28,28.36,27.35,27.63,639492,-0.571554,-2.19%,25.471,17.7m,
115,08/23/11,27.86,28.25,27.41,28.25,2001684,0.617647,2.43%,26.0425,55.74m,
116,08/22/11,28.41,28.69,27.46,27.58,1485891,0.073747,0.29%,25.4249,41.07m,
117,08/19/11,27.77,29.07,27.41,27.50,927397,-0.437882,-1.70%,25.3512,25.91m,
118,08/18/11,112.26,113.18,108.67,111.90,470189,-0.85733,-3.22%,25.789,52.24m,
119,08/17/11,120.77,121.46,114.12,115.62,347918,-1.0671,-3.85%,26.6464,40.52m,
120,08/16/11,121.01,123.47,119.56,120.25,244606,-0.649912,-2.29%,27.7134,29.68m,
121,08/15/11,121.64,123.21,121.18,123.07,184422,0.43097,1.54%,28.3633,22.53m,
122,08/12/11,119.44,121.44,118.78,121.20,712382,0.493195,1.80%,27.9324,85.59m,
123,08/11/11,115.94,121.77,115.06,119.06,674755,0.527765,1.96%,27.4392,80.77m,
124,08/10/11,114.52,120.72,112.89,116.77,644752,-0.405618,-1.48%,26.9114,75.37m,
125,08/09/11,105.81,118.53,105.71,118.53,721502,3.1182,12.89%,27.317,80.8m,
126,08/08/11,109.16,111.41,105.00,105.00,747654,-1.4174,-5.53%,24.1988,81.31m,
127,08/05/11,112.61,112.99,109.49,111.15,427965,0.057617,0.23%,25.6162,47.42m,
128,08/04/11,115.86,116.42,110.90,110.90,311527,-1.6202,-5.96%,25.5586,35.22m,
129,08/03/11,114.90,117.96,111.93,117.93,300760,0.76284,2.89%,27.1787,34.85m,
130,08/02/11,119.09,119.81,114.62,114.62,516152,-1.2445,-4.50%,26.4159,60.24m,
131,08/01/11,128.00,128.39,119.73,120.02,490331,-1.7769,-6.04%,27.6604,59.85m,
132,07/29/11,122.00,127.77,120.45,127.73,402827,1.3021,4.63%,29.4373,50.52m,
133,07/28/11,125.00,125.00,121.89,122.08,421210,-0.619951,-2.16%,28.1352,51.9m,
134,07/27/11,126.44,126.65,124.5501,124.77,354076,-0.43097,-1.48%,28.7551,44.26m,
135,07/26/11,127.27,127.8192,126.35,126.64,348798,-0.145193,-0.50%,29.1861,44.33m,
136,07/25/11,127.54,127.74,126.53,127.27,299526,-0.101403,-0.34%,29.3313,38.11m,
137,07/22/11,127.57,128.43,127.11,127.71,491267,0.26273,0.90%,29.4327,62.79m,
138,07/21/11,127.80,128.36,125.35,126.57,364642,-0.099101,-0.34%,29.17,46.41m,
139,07/20/11,124.71,128.41,123.90,127.00,451127,0.573858,2.00%,29.2691,57.03m,
140,07/19/11,121.71,125.17,120.99,124.51,860195,1.0717,3.88%,28.6952,105.8m,
141,07/18/11,131.25,133.00,119.84,119.86,1691793,-0.728269,-2.57%,27.6235,212.76m,
142,07/15/11,117.06,123.45,116.80,123.02,554765,1.5833,5.91%,28.3518,67.01m,
143,07/14/11,117.26,118.27,115.01,116.15,232799,-0.244292,-0.90%,26.7685,27.11m,
144,07/13/11,115.93,118.40,115.74,117.21,212246,0.523155,1.97%,27.0128,24.91m,
145,07/12/11,113.99,115.92,112.82,114.94,414332,0.165936,0.63%,26.4896,47.58m,
146,07/11/11,116.00,117.29,113.75,114.22,359680,-0.790496,-2.92%,26.3237,41.38m,
147,07/08/11,118.00,118.60,116.14,117.65,170541,-0.421751,-1.53%,27.1142,19.97m,
148,07/07/11,119.15,120.25,118.44,119.48,170864,0.32726,1.20%,27.536,20.43m,
149,07/06/11,115.07,119.85,114.69,118.06,359384,0.606124,2.28%,27.2087,42.52m,
150,07/05/11,114.66,115.81,113.89,115.43,181249,0.154411,0.58%,26.6026,20.88m,
1,07/01/11,111.91,116.45,111.68,114.76,281963,0.700614,2.72%,26.4482,32.32m,
2,06/30/11,110.07,112.15,109.30,111.72,436456,-0.043789,-0.17%,25.7476,48.45m,
3,06/29/11,111.87,112.29,110.08,111.91,494683,0.078359,0.30%,25.7913,55.27m,
4,06/28/11,107.70,112.75,106.65,111.57,517426,0.896508,3.61%,25.713,57.63m,
5,06/27/11,105.15,108.49,104.75,107.68,418366,0.382573,1.57%,24.8165,44.93m,
6,06/24/11,102.72,106.13,102.66,106.02,526106,0.797408,3.37%,24.4339,55.41m,
7,06/23/11,99.47,102.69,99.18,102.56,297469,0.442493,1.91%,23.6365,30.02m,
8,06/22/11,104.01,104.4583,100.41,100.64,361903,-0.880376,-3.66%,23.194,36.76m,
9,06/21/11,100.32,105.41,100.25,104.46,597009,1.0071,4.37%,24.0744,61.87m,
10,06/20/11,99.37,101.89,98.795,100.09,335584,0.09449,0.41%,23.0672,33.73m,
11,06/17/11,100.69,101.50,99.41,99.68,320384,-0.02535,-0.11%,22.9728,32.19m,
12,06/16/11,100.48,102.88,98.72,99.79,526715,0.080662,0.35%,22.9981,52.87m,
13,06/15/11,104.25,105.52,99.04,99.44,528980,-1.3113,-5.41%,22.9174,53.61m,
14,06/14/11,103.66,106.10,103.60,105.13,304787,0.546202,2.31%,24.2288,31.93m,
15,06/13/11,101.87,106.64,101.17,102.76,553512,0.53468,2.31%,23.6826,57.18m,
16,06/10/11,104.44,104.6291,100.19,100.44,469652,-0.997915,-4.13%,23.1479,47.89m,
17,06/09/11,104.92,106.65,102.47,104.77,542682,-0.027655,-0.11%,24.1458,56.74m,
18,06/08/11,110.33,111.00,104.39,104.89,383321,-1.2537,-4.93%,24.1735,40.92m,
19,06/07/11,110.65,112.52,108.99,110.33,257032,0.085272,0.34%,25.4272,28.33m,
20,06/06/11,114.11,116.39,109.00,109.96,376930,-0.320346,-1.25%,25.3419,42.27m,
21,06/03/11,111.08,113.59,110.16,111.35,261200,-0.318042,-1.22%,25.6623,29.26m,
22,06/02/11,114.26,115.2775,110.63,112.73,349394,0.057616,0.22%,25.9803,39.41m,
23,06/01/11,114.74,115.68,112.295,112.48,190590,-0.769753,-2.88%,25.9227,21.67m,
24,05/31/11,118.21,118.66,114.73,115.82,301195,-0.329565,-1.22%,26.6925,34.89m,
25,05/27/11,115.36,117.27,113.88,117.25,177146,0.539288,2.04%,27.022,20.49m,
26,05/26/11,115.65,115.8599,114.43,114.91,106574,-0.149802,-0.56%,26.4827,12.25m,
27,05/25/11,116.32,116.82,115.09,115.56,151492,-0.110623,-0.41%,26.6325,17.56m,
28,05/24/11,116.84,117.78,115.77,116.04,233249,-0.041484,-0.15%,26.7432,27.25m,
29,05/23/11,119.00,119.31,115.68,116.22,342170,-0.935688,-3.38%,26.7846,40.07m,
30,05/20/11,121.29,121.29,119.75,120.28,233850,-0.175154,-0.63%,27.7203,28.08m,
31,05/19/11,120.39,123.34,120.36,121.04,311189,0.03918,0.14%,27.8955,37.76m,
32,05/18/11,115.88,121.06,115.88,120.87,434820,1.1224,4.20%,27.8563,52m,
33,05/17/11,118.39,119.66,114.80,116.00,319649,-0.716747,-2.61%,26.7339,37.17m,
34,05/16/11,119.36,120.70,118.79,119.11,177133,-0.294995,-1.06%,27.4507,21.11m,
35,05/13/11,123.00,123.56,119.90,120.39,233914,-0.725965,-2.55%,27.7457,28.3m,
36,05/12/11,118.53,124.46,118.17,123.54,236985,0.93108,3.38%,28.4716,28.96m,
37,05/11/11,120.00,121.91,118.06,119.50,299192,-0.115234,-0.42%,27.5406,35.8m,
38,05/10/11,120.62,120.80,118.66,120.00,93845,0.048398,0.18%,27.6558,11.22m,
39,05/09/11,119.23,120.10,118.15,119.79,134017,0.129061,0.47%,27.6074,15.94m,
40,05/06/11,120.09,120.82,117.98,119.23,159632,0.207417,0.76%,27.4783,18.86m,
41,05/05/11,120.01,121.20,117.7901,118.33,420109,-0.477062,-1.72%,27.2709,49.84m,
42,05/04/11,121.53,122.57,115.73,120.40,500097,-0.216637,-0.77%,27.748,59.3m,
43,05/03/11,125.00,125.39,119.88,121.34,229226,-0.984085,-3.40%,27.9646,27.87m,
44,05/02/11,124.89,127.80,124.78,125.61,185299,0.188981,0.66%,28.9487,23.37m,
45,04/29/11,125.48,125.84,123.28,124.79,182363,-0.106015,-0.37%,28.7597,22.72m,
46,04/28/11,127.97,129.00,124.82,125.25,418594,-0.677566,-2.29%,28.8657,52.85m,
47,04/27/11,123.02,131.86,122.59,128.19,1228795,2.1871,7.99%,29.5433,156.64m,
48,04/26/11,118.27,121.91,118.15,118.70,343726,0.089881,0.33%,27.3562,41.16m,
49,04/25/11,118.64,119.77,117.76,118.31,116715,0.10371,0.38%,27.2663,13.83m,
50,04/21/11,119.44,119.96,117.13,117.86,208945,-0.198201,-0.72%,27.1626,24.67m,
51,04/20/11,116.71,118.99,116.58,118.72,325195,0.562335,2.10%,27.3608,38.34m,
52,04/19/11,116.00,117.56,115.23,116.28,212024,-0.006914,-0.03%,26.7985,24.65m,
53,04/18/11,115.77,116.83,114.50,116.31,226184,-0.087577,-0.33%,26.8054,26.07m,
54,04/15/11,115.12,118.21,114.27,116.69,348167,0.336479,1.27%,26.893,40.53m,
55,04/14/11,113.22,116.61,113.00,115.23,343391,0.33187,1.27%,26.5565,39.61m,
56,04/13/11,113.65,114.32,112.58,113.79,267917,0.205114,0.79%,26.2246,30.3m,
57,04/12/11,115.58,115.83,111.42,112.90,421649,-0.666044,-2.50%,26.0195,47.66m,
58,04/11/11,118.33,118.33,115.50,115.79,273295,-0.53007,-1.95%,26.6855,31.82m,
59,04/08/11,119.48,120.20,116.81,118.09,752958,-0.403314,-1.46%,27.2156,89m,
60,04/07/11,115.00,119.95,114.60,119.84,887466,1.0394,3.91%,27.6189,104.56m,
61,04/06/11,108.25,115.83,108.02,115.33,1271445,2.3646,9.76%,26.5795,144.38m,
62,04/05/11,103.49,105.62,103.08,105.07,364624,0.274253,1.15%,24.215,38.25m,
63,04/04/11,103.81,104.43,102.26,103.88,165671,0.062226,0.26%,23.9407,17.11m,
64,04/01/11,101.68,104.45,100.79,103.61,312991,0.815846,3.54%,23.8785,32.25m,
65,03/31/11,99.39,101.20,98.92,100.07,315812,0.020742,0.09%,23.0626,31.67m,
66,03/30/11,99.50,101.20,99.50,99.98,245854,0.244292,1.07%,23.0419,24.64m,
67,03/29/11,96.50,99.34,96.50,98.92,258376,0.33648,1.50%,22.7976,25.35m,
68,03/28/11,97.98,99.19,97.12,97.46,251220,-0.110623,-0.49%,22.4611,24.75m,
69,03/25/11,98.84,99.15,95.53,97.94,565957,-0.1982,-0.87%,22.5717,55.37m,
70,03/24/11,98.97,100.85,98.44,98.80,496746,-0.039179,-0.17%,22.7699,49.22m,
71,03/23/11,97.49,99.32,96.92,98.97,732009,0.343393,1.53%,22.8091,71.88m,
72,03/22/11,96.78,97.80,95.99,97.48,526099,0.071444,0.32%,22.4657,51.01m,
73,03/21/11,93.00,97.31,92.7401,97.17,513657,1.2768,6.05%,22.3943,49.48m,
74,03/18/11,93.21,93.40,91.15,91.63,182172,-0.200506,-0.94%,21.1175,16.7m,
75,03/17/11,92.82,93.735,92.11,92.50,372939,0.281168,1.34%,21.318,,
76,03/16/11,92.46,95.00,88.86,91.28,724489,-0.348002,-1.63%,21.0368,,
77,03/15/11,91.09,94.33,91.06,92.79,616887,-0.195895,-0.91%,21.3848,,
78,03/14/11,93.21,95.60,92.55,93.64,469802,-0.092186,-0.43%,21.5807,,
79,03/11/11,89.11,94.17,89.11,94.04,427716,0.979476,4.73%,21.6729,,
80,03/10/11,89.84,90.44,86.82,89.79,984040,-0.276558,-1.32%,20.6935,,
81,03/09/11,91.83,91.83,90.58,90.99,309205,-0.117536,-0.56%,20.97,,
82,03/08/11,93.50,93.50,91.34,91.50,205505,-0.368744,-1.72%,21.0875,,
83,03/07/11,94.66,94.66,92.166,93.10,162148,-0.271949,-1.25%,21.4563,,
84,03/04/11,96.06,96.06,94.12,94.28,123760,-0.430969,-1.94%,21.7282,,
85,03/03/11,95.79,96.30,95.40,96.15,87961,0.237379,1.08%,22.1592,,
86,03/02/11,93.69,95.54,93.14,95.12,143057,0.42175,1.96%,21.9218,,
87,03/01/11,96.91,96.91,93.26,93.29,191654,-0.765144,-3.44%,21.5001,,
88,02/28/11,96.96,97.72,95.79,96.61,296028,-0.046092,-0.21%,22.2652,,
89,02/25/11,93.86,96.91,93.65,96.81,258790,0.855025,3.98%,22.3113,,
90,02/24/11,92.67,94.40,92.26,93.10,503307,0.027655,0.13%,21.4563,,
91,02/23/11,94.77,95.04,91.69,92.98,376491,-0.433273,-1.98%,21.4286,,
92,02/22/11,96.18,96.59,94.64,94.86,230233,-0.502415,-2.25%,21.8619,,
93,02/18/11,96.55,97.91,96.41,97.04,133668,0.078358,0.35%,22.3643,,
94,02/17/11,96.27,97.17,96.27,96.70,147803,-0.096794,-0.43%,22.286,,
95,02/16/11,97.27,98.04,96.18,97.12,263724,0.011523,0.05%,22.3828,,
96,02/15/11,95.19,97.53,94.99,97.07,264407,0.440187,2.01%,22.3712,,
97,02/14/11,95.52,95.82,94.60,95.16,301019,0.066836,0.31%,21.9311,,
98,02/11/11,94.33,94.91,93.00,94.87,556489,0.198199,0.91%,21.8642,,
99,02/10/11,94.82,95.50,93.52,94.01,532017,-0.228161,-1.04%,21.666,,
100,02/09/11,95.96,96.12,93.39,95.00,587134,-0.188982,-0.86%,21.8942,,
101,02/08/11,98.44,98.44,95.36,95.82,195796,-0.525458,-2.32%,22.0832,,
102,02/07/11,98.12,98.60,97.93,98.10,90651,-0.059922,-0.26%,22.6086,,
103,02/04/11,99.53,99.61,98.05,98.36,119106,-0.377962,-1.64%,22.6685,,
104,02/03/11,99.30,100.78,99.01,100.00,364666,0.092186,0.40%,23.0465,,
105,02/02/11,98.66,100.54,98.66,99.60,103084,0.085272,0.37%,22.9543,,
106,02/01/11,98.66,99.51,97.7701,99.23,179728,0.131365,0.58%,22.869,,
107,01/31/11,98.82,98.82,97.56,98.66,210477,-0.046093,-0.20%,22.7377,,
108,01/28/11,101.12,101.12,98.27,98.86,151312,-0.294995,-1.28%,22.7838,,
109,01/27/11,101.82,102.06,100.01,100.14,168362,-0.384877,-1.64%,23.0788,,
110,01/26/11,101.04,103.86,101.04,101.81,210523,0.177458,0.76%,23.4636,,
111,01/25/11,101.30,101.30,100.00,101.04,142863,-0.046093,-0.20%,23.2862,,
112,01/24/11,99.14,101.29,99.11,101.24,238679,0.343392,1.49%,23.3323,,
113,01/21/11,100.65,102.00,99.45,99.75,318729,-0.092185,-0.40%,22.9889,,
114,01/20/11,102.21,102.21,99.01,100.15,539219,-0.352611,-1.50%,23.0811,,
115,01/19/11,107.49,107.74,100.59,101.68,502849,-1.3206,-5.33%,23.4337,,
116,01/18/11,109.99,112.00,107.12,107.41,535051,-0.069139,-0.28%,24.7542,,
117,01/14/11,108.78,108.78,106.98,107.71,314608,-0.214333,-0.86%,24.8234,,
118,01/13/11,104.85,109.32,104.85,108.64,349017,0.78819,3.25%,25.0377,,
119,01/12/11,104.52,105.23,103.89,105.22,88957,0.188981,0.79%,24.2495,,
120,01/11/11,105.01,106.61,104.1775,104.40,196708,-0.034569,-0.14%,24.0605,,
121,01/10/11,103.49,104.55,102.52,104.55,205867,-0.235075,-0.97%,24.0951,,
122,01/07/11,105.18,105.77,103.82,105.57,101225,0.078359,0.32%,24.3302,,
123,01/06/11,105.00,106.66,104.90,105.23,451207,0.119842,0.50%,24.2518,,
124,01/05/11,104.50,105.1499,104.29,104.71,307271,-0.094491,-0.39%,24.132,,
125,01/04/11,105.81,106.11,104.76,105.12,194081,-0.085272,-0.35%,24.2265,,
126,01/03/11,104.98,106.70,104.98,105.49,210921,0.059921,0.25%,24.3118,,
127,12/31/10,105.80,106.2351,104.42,105.23,101327,-0.165935,-0.68%,24.2518,,
128,12/30/10,105.90,106.55,105.90,105.95,56978,-0.117539,-0.48%,24.4178,,
129,12/29/10,106.37,106.645,105.87,106.46,88649,0.106015,0.43%,24.5353,,
130,12/28/10,106.31,106.99,105.76,106.00,67921,-0.168239,-0.68%,24.4293,,
131,12/27/10,105.64,106.88,104.99,106.73,62981,0.159021,0.65%,24.5975,,
132,12/23/10,107.48,108.06,105.68,106.04,204583,-0.541593,-2.17%,24.4385,,
133,12/22/10,105.62,109.08,105.62,108.39,200488,0.585382,2.40%,24.9801,,
134,12/21/10,106.94,106.94,105.25,105.85,397512,-0.050702,-0.21%,24.3947,,
135,12/20/10,109.14,109.16,105.86,106.07,388406,-0.818151,-3.24%,24.4454,,
136,12/17/10,106.95,109.99,106.52,109.62,338048,0.827369,3.39%,25.2636,,
137,12/16/10,104.00,106.61,104.00,106.03,221441,0.405618,1.69%,24.4362,,
138,12/15/10,104.60,106.29,104.01,104.27,192292,-0.124451,-0.52%,24.0306,,
139,12/14/10,103.64,105.40,102.71,104.81,195489,0.241988,1.01%,24.155,,
140,12/13/10,105.60,106.2999,103.10,103.76,230197,-0.42175,-1.73%,23.913,,
141,12/10/10,103.76,105.60,103.37,105.59,202351,0.42175,1.76%,24.3348,,
142,12/09/10,100.32,104.63,100.22,103.76,388475,0.601514,2.58%,23.913,,
143,12/08/10,102.33,102.33,100.52,101.15,228695,-0.078358,-0.34%,23.3115,,
144,12/07/10,102.05,103.52,101.43,101.49,260862,-0.055311,-0.24%,23.3899,,
145,12/06/10,103.16,103.24,101.20,101.73,341847,-0.329566,-1.39%,23.4452,,
146,12/03/10,104.60,104.68,102.83,103.16,319011,-0.3964,-1.64%,23.7748,,
147,12/02/10,105.41,106.29,104.20,104.88,182561,-0.209723,-0.86%,24.1712,,
148,12/01/10,106.72,107.1599,105.38,105.79,169782,-0.002305,-0.01%,24.3809,,
149,11/30/10,106.11,107.42,105.70,105.80,115710,-0.050701,-0.21%,24.3832,,
150,11/29/10,107.31,107.32,104.50,106.02,224078,-0.467845,-1.88%,24.4339,,
1,11/26/10,105.36,108.929,105.16,108.05,151026,0.470149,1.92%,24.9017,,
2,11/24/10,105.00,106.2499,105.00,106.01,263947,0.145193,0.60%,24.4316,,
3,11/23/10,107.00,108.29,105.21,105.38,188794,-0.790496,-3.15%,24.2864,,
4,11/22/10,107.91,109.80,107.25,108.81,277751,0.331871,1.34%,25.0769,,
5,11/19/10,106.66,107.97,106.10,107.37,208819,-0.025353,-0.10%,24.745,,
6,11/18/10,108.75,110.07,106.99,107.48,241222,-0.265034,-1.06%,24.7704,,
7,11/17/10,105.00,108.86,104.64,108.63,280749,0.66374,2.72%,25.0354,,
8,11/16/10,107.23,107.23,104.62,105.75,199074,-0.359525,-1.45%,24.3717,,
9,11/15/10,109.77,109.77,107.00,107.31,203605,-0.101405,-0.41%,24.7312,,
10,11/12/10,108.22,109.72,107.62,107.75,284442,-0.502414,-1.98%,24.8326,,
11,11/11/10,108.86,111.00,107.75,109.93,225713,-0.195895,-0.77%,25.335,,
12,11/10/10,105.46,113.53,105.09,110.78,829040,1.3275,5.48%,25.5309,,
13,11/09/10,104.18,105.76,103.00,105.02,491254,0.382572,1.61%,24.2034,,
14,11/08/10,104.00,105.00,102.28,103.36,457534,-0.147497,-0.62%,23.8209,,
15,11/05/10,106.70,106.82,103.80,104.00,207384,-0.428665,-1.76%,23.9684,,
16,11/04/10,106.20,107.435,104.87,105.86,302843,-0.082968,-0.34%,24.397,,
17,11/03/10,107.63,108.00,104.365,106.22,338622,-0.294995,-1.19%,24.48,,
18,11/02/10,108.53,108.78,106.82,107.50,393107,0.12906,0.52%,24.775,,
19,11/01/10,108.00,110.00,106.55,106.94,449047,-0.099099,-0.40%,24.6459,,
20,10/29/10,104.73,107.765,104.26,107.37,341748,0.709831,2.95%,24.745,,
21,10/28/10,103.50,104.55,103.50,104.29,205547,0.140585,0.59%,24.0352,,
22,10/27/10,103.89,105.90,103.12,103.68,557344,-0.117538,-0.49%,23.8946,,
23,10/26/10,101.45,104.65,101.45,104.19,587317,0.304214,1.28%,24.0122,,
24,10/25/10,99.40,103.42,99.04,102.87,806247,0.981781,4.32%,23.7079,,
25,10/22/10,93.66,98.75,93.66,98.61,352463,1.0002,4.60%,22.7262,,
26,10/21/10,94.01,95.13,93.17,94.27,185381,-0.018437,-0.08%,21.7259,,
27,10/20/10,94.62,95.0891,93.54,94.35,373179,0.212028,0.98%,21.7444,,
28,10/19/10,93.68,94.79,93.00,93.43,448691,-0.145192,-0.67%,21.5323,,
29,10/18/10,93.75,98.43,93.1401,94.06,810368,0.589991,2.80%,21.6775,,
30,10/15/10,91.00,91.68,89.38,91.50,352258,0.149802,0.72%,21.0875,,
31,10/14/10,89.75,91.08,87.51,90.85,584426,-0.053008,-0.25%,20.9377,,
32,10/13/10,90.38,91.96,90.07,91.08,610881,0.336479,1.63%,20.9908,,
33,10/12/10,90.58,91.29,88.64,89.62,354372,-0.350306,-1.67%,20.6543,,
34,10/11/10,89.54,92.85,89.19,91.14,579609,0.488585,2.38%,21.0046,,
35,10/08/10,91.30,91.64,88.87,89.02,397235,-0.419445,-2.00%,20.516,,
36,10/07/10,91.06,92.64,90.30,90.84,497115,0.142888,0.69%,20.9354,,
37,10/06/10,92.42,93.43,89.12,90.22,1152247,-0.608428,-2.84%,20.7926,,
38,10/05/10,94.49,95.24,90.80,92.86,1225325,-0.843502,-3.79%,21.401,,
39,10/04/10,97.58,99.06,96.25,96.52,283024,-0.46554,-2.05%,22.2445,,
40,10/01/10,97.71,98.63,96.98,98.54,374342,0.221247,0.98%,22.71,,
41,09/30/10,98.24,98.92,96.75,97.58,568828,0.087577,0.39%,22.4888,,
42,09/29/10,95.85,97.35,94.73,97.20,480027,0.458626,2.09%,22.4012,,
43,09/28/10,93.72,95.50,93.22,95.21,760307,0.354916,1.64%,21.9426,,
44,09/27/10,99.53,100.00,93.55,93.67,1034790,-1.2606,-5.52%,21.5877,,
45,09/24/10,94.75,100.00,92.66,99.14,2728402,-3.2588,-12.48%,22.8483,,
46,09/23/10,111.29,116.29,111.29,113.28,649040,0.371049,1.44%,26.1071,,
47,09/22/10,111.30,111.88,110.61,111.67,162713,0.1982,0.78%,25.736,,
48,09/21/10,109.61,111.18,108.49,110.81,343688,0.241988,0.96%,25.5378,,
49,09/20/10,106.89,109.78,106.3301,109.76,301121,0.86194,3.53%,25.2958,,
50,09/17/10,104.42,106.71,104.42,106.02,591951,0.368743,1.53%,24.4339,,
51,09/16/10,103.80,105.04,103.47,104.42,183179,0.133669,0.56%,24.0652,,
52,09/15/10,101.11,104.41,101.1025,103.84,171265,0.391792,1.66%,23.9315,,
53,09/14/10,102.00,102.72,100.78,102.14,138447,0.032264,0.14%,23.5397,,
54,09/13/10,102.47,102.77,101.10,102.00,346179,-0.004609,-0.02%,23.5074,,
55,09/10/10,102.40,103.05,100.97,102.02,188416,0.080663,0.34%,23.512,,
56,09/09/10,103.15,103.39,101.23,101.67,207217,-0.260425,-1.10%,23.4314,,
57,09/08/10,102.35,102.89,101.77,102.80,115755,0.308823,1.32%,23.6918,,
58,09/07/10,102.84,103.38,101.45,101.46,174694,-0.354918,-1.50%,23.383,,
59,09/03/10,101.91,104.60,101.32,103.00,314876,0.576163,2.49%,23.7379,,
60,09/02/10,99.69,100.67,99.69,100.50,411369,0.096796,0.42%,23.1617,,
61,09/01/10,99.91,100.67,99.30,100.08,253714,0.343394,1.51%,23.0649,,
62,08/31/10,99.29,100.18,98.05,98.59,185215,-0.200506,-0.87%,22.7215,,
63,08/30/10,100.73,101.89,99.46,99.46,178041,-0.290385,-1.25%,22.9221,,
64,08/27/10,100.71,101.7399,99.729,100.72,359389,-0.006913,-0.03%,23.2124,,
65,08/26/10,101.18,102.389,100.50,100.75,330692,-0.230466,-0.98%,23.2193,,
66,08/25/10,100.17,102.92,99.87,101.75,286888,0.218942,0.94%,23.4498,,
67,08/24/10,99.17,101.31,99.05,100.80,171130,-0.009218,-0.04%,23.2309,,
68,08/23/10,101.27,101.72,100.70,100.84,184534,-0.016133,-0.07%,23.2401,,
69,08/20/10,98.19,101.17,97.89,100.91,218537,0.626865,2.77%,23.2562,,
70,08/19/10,97.00,98.42,96.75,98.19,205396,0.301908,1.35%,22.6294,,
71,08/18/10,95.73,97.26,95.60,96.88,164666,0.055313,0.25%,22.3275,,
72,08/17/10,96.88,97.43,96.14,96.64,129579,0.12906,0.58%,22.2721,,
73,08/16/10,94.72,96.36,94.26,96.08,123173,0.082967,0.38%,22.1431,,
74,08/13/10,96.09,96.329,95.03,95.72,121347,-0.085272,-0.39%,22.0601,,
75,08/12/10,95.90,96.78,95.66,96.09,197997,-0.26734,-1.19%,22.1454,,
76,08/11/10,97.66,98.0301,96.75,97.25,153776,-0.412532,-1.81%,22.4127,,
77,08/10/10,98.99,100.17,98.013,99.04,233916,-0.40101,-1.73%,22.8253,,
78,08/09/10,100.36,101.44,99.78,100.78,199711,-0.020742,-0.09%,23.2263,,
79,08/06/10,98.55,100.96,98.20,100.87,341458,0.331871,1.45%,23.247,,
80,08/05/10,98.36,99.99,98.24,99.43,259430,0.188981,0.83%,22.9151,,
81,08/04/10,97.60,98.74,97.45,98.61,153569,0.092186,0.41%,22.7262,,
82,08/03/10,98.23,98.95,97.2901,98.21,113750,-0.082967,-0.37%,22.634,,
83,08/02/10,99.50,99.80,97.62,98.57,210997,0.177457,0.79%,22.7169,,
84,07/30/10,94.03,97.98,94.02,97.80,194025,0.490891,2.23%,22.5395,,
85,07/29/10,96.92,98.76,95.05,95.67,256134,0.092186,0.42%,22.0486,,
86,07/28/10,96.77,96.77,94.98,95.27,148930,-0.232769,-1.05%,21.9564,,
87,07/27/10,97.66,97.66,95.2575,96.28,122973,-0.07375,-0.33%,22.1892,,
88,07/26/10,98.05,99.68,95.23,96.60,260409,-0.308822,-1.37%,22.2629,,
89,07/23/10,93.06,98.71,93.02,97.94,406733,0.55081,2.50%,22.5717,,
90,07/22/10,95.13,96.23,94.67,95.55,261548,0.122147,0.56%,22.0209,,
91,07/21/10,96.70,98.39,94.60,95.02,349394,-0.573859,-2.55%,21.8988,,
92,07/20/10,94.25,97.53,94.00,97.51,395946,0.165936,0.74%,22.4726,,
93,07/19/10,95.51,97.03,93.55,96.79,716830,-0.195895,-0.87%,22.3067,,
94,07/16/10,98.00,99.04,97.56,97.64,377634,-0.09449,-0.42%,22.5026,,
95,07/15/10,99.51,99.51,97.08,98.05,322572,-0.37105,-1.62%,22.5971,,
96,07/14/10,99.53,101.19,99.47,99.66,259795,0.011524,0.05%,22.9681,,
97,07/13/10,100.36,101.18,98.9801,99.61,195087,0.080663,0.35%,22.9566,,
98,07/12/10,101.79,102.44,98.88,99.26,190291,-0.520852,-2.23%,22.876,,
99,07/09/10,98.73,102.00,98.73,101.52,238989,0.642998,2.83%,23.3968,,
100,07/08/10,96.31,98.74,96.30,98.73,208817,0.562334,2.53%,22.7538,,
101,07/07/10,93.80,96.36,92.76,96.29,427576,0.785886,3.67%,22.1915,,
102,07/06/10,93.95,94.5534,91.87,92.88,138872,0.223551,1.06%,21.4056,,
103,07/02/10,92.13,92.48,91.10,91.91,140752,-0.103708,-0.49%,21.182,,
104,07/01/10,93.74,93.79,91.00,92.36,464653,-0.191286,-0.89%,21.2857,,
105,06/30/10,94.99,95.76,93.00,93.19,426950,-0.410228,-1.87%,21.477,,
106,06/29/10,100.63,100.63,94.59,94.97,534830,-1.7584,-7.44%,21.8873,,
107,06/28/10,100.29,103.54,99.9001,102.60,255027,0.426361,1.84%,23.6457,,
108,06/25/10,97.76,100.77,96.97,100.75,190735,0.811235,3.62%,23.2193,,
109,06/24/10,98.09,99.15,96.83,97.23,395053,-0.523155,-2.28%,22.4081,,
110,06/23/10,99.67,100.26,97.66,99.50,176864,0.119843,0.53%,22.9313,,
111,06/22/10,103.00,103.7579,98.60,98.98,256875,-0.845809,-3.58%,22.8114,,
112,06/21/10,102.69,103.00,100.70,102.65,433130,0.297301,1.27%,23.6572,,
113,06/18/10,100.30,101.90,99.92,101.36,309556,0.341089,1.48%,23.3599,,
114,06/17/10,101.11,101.3799,98.80,99.88,142306,-0.147498,-0.64%,23.0188,,
115,06/16/10,98.73,102.50,98.73,100.52,648420,0.366439,1.61%,23.1663,,
116,06/15/10,95.39,99.00,95.35,98.93,318397,0.820455,3.73%,22.7999,,
117,06/14/10,93.97,95.96,93.49,95.37,346512,0.610733,2.86%,21.9794,,
118,06/11/10,91.41,93.11,91.2815,92.72,95999,0.193591,0.91%,21.3687,,
119,06/10/10,90.29,92.04,90.04,91.88,141056,0.583076,2.83%,21.1751,,
120,06/09/10,90.08,91.60,89.17,89.35,213398,-0.094491,-0.46%,20.592,,
121,06/08/10,91.34,91.76,88.351,89.76,424644,-0.336478,-1.60%,20.6865,,
122,06/07/10,93.06,93.33,91.09,91.22,208194,-0.536984,-2.49%,21.023,,
123,06/04/10,95.12,96.68,93.16,93.55,271652,-0.435578,-1.98%,21.56,,
124,06/03/10,90.68,95.55,89.69,95.44,791370,1.2629,6.09%,21.9956,,
125,06/02/10,91.21,91.48,89.70,89.96,388610,-0.135975,-0.65%,20.7326,,
126,06/01/10,91.36,92.21,90.55,90.55,153659,-0.25812,-1.22%,20.8686,,
127,05/28/10,91.50,92.54,90.89,91.67,199071,-0.117537,-0.55%,21.1267,,
128,05/27/10,88.34,92.20,88.34,92.18,339214,1.0394,5.14%,21.2443,,
129,05/26/10,88.48,92.00,87.131,87.67,331175,-0.209722,-1.03%,20.2049,,
130,05/25/10,87.68,88.64,86.17,88.58,471320,-0.361831,-1.74%,20.4146,,
131,05/24/10,88.80,91.37,88.80,90.15,220109,0.352613,1.73%,20.7764,,
132,05/21/10,87.29,89.72,85.16,88.62,207862,0.294994,1.47%,20.4238,,
133,05/20/10,90.065,91.25,87.34,87.34,222850,-0.990999,-4.69%,20.1288,,
134,05/19/10,92.72,93.92,90.45,91.64,285526,-0.396399,-1.84%,21.1198,,
135,05/18/10,94.30,95.68,92.50,93.36,159403,-0.041484,-0.19%,21.5162,,
136,05/17/10,93.46,93.75,90.25,93.54,305077,0.168239,0.79%,21.5577,,
137,05/14/10,93.20,94.03,92.03,92.81,168670,-0.082966,-0.39%,21.3895,,
138,05/13/10,94.05,94.36,92.91,93.17,123959,-0.209725,-0.97%,21.4724,,
139,05/12/10,91.39,94.28,91.39,94.08,140792,0.507024,2.39%,21.6821,,
140,05/11/10,93.58,93.58,91.34,91.88,150155,-0.327261,-1.52%,21.1751,,
141,05/10/10,89.88,93.81,89.88,93.30,378584,1.3874,6.90%,21.5024,,
142,05/07/10,89.50,89.50,86.24,87.28,326911,-0.502413,-2.44%,20.115,,
143,05/06/10,90.44,91.58,86.00,89.46,367774,-0.36644,-1.75%,20.6174,,
144,05/05/10,93.41,93.50,90.73,91.05,360875,-0.781278,-3.59%,20.9838,,
145,05/04/10,95.00,95.12,93.90,94.44,352348,-0.154411,-0.70%,21.7651,,
146,05/03/10,93.81,95.15,93.17,95.11,248596,0.354918,1.65%,21.9195,,
147,04/30/10,93.23,94.49,93.23,93.57,143750,0.018436,0.09%,21.5646,,
148,04/29/10,95.00,95.02,93.06,93.49,194924,-0.13828,-0.64%,21.5462,,
149,04/28/10,95.14,95.14,93.36,94.09,247721,-0.02535,-0.12%,21.6845,,
150,04/27/10,95.14,95.97,93.93,94.20,376785,-0.329565,-1.50%,21.7098,,
1,04/26/10,95.39,96.00,95.05,95.63,211755,0.020741,0.09%,22.0394,,
2,04/23/10,96.00,96.09,95.05,95.54,671496,-0.161324,-0.73%,22.0186,,
3,04/22/10,95.62,96.92,95.00,96.24,446467,-0.03918,-0.18%,22.18,,
4,04/21/10,98.00,98.80,96.22,96.41,1093943,-0.792801,-3.45%,22.2191,,
5,04/20/10,94.38,100.62,94.32,99.85,1291521,1.8068,8.52%,23.0119,,
6,04/19/10,89.20,92.14,89.20,92.01,614395,0.329567,1.58%,21.2051,,
7,04/16/10,92.58,92.67,89.93,90.58,519966,-0.571555,-2.66%,20.8755,,
8,04/15/10,92.92,93.81,92.92,93.06,387975,-0.032264,-0.15%,21.4471,,
9,04/14/10,90.11,94.40,90.06,93.20,901387,0.732879,3.53%,21.4793,,
10,04/13/10,87.94,90.33,87.94,90.02,711283,0.377961,1.86%,20.7465,,
11,04/12/10,89.31,89.31,88.14,88.38,64124,-0.004608,-0.02%,20.3685,,
12,04/09/10,89.06,89.20,88.01,88.40,105403,0.133669,0.66%,20.3731,,
13,04/08/10,88.00,88.00,87.01,87.82,146678,-0.053006,-0.26%,20.2394,,
14,04/07/10,90.25,90.25,88.03,88.05,283251,-0.412533,-1.99%,20.2924,,
15,04/06/10,88.71,90.00,88.11,89.84,433129,0.345699,1.70%,20.705,,
16,04/05/10,86.78,88.79,86.50,88.34,285055,0.55542,2.80%,20.3593,,
17,04/01/10,85.53,85.93,84.77,85.93,187526,0.096795,0.49%,19.8039,,
18,03/31/10,86.29,87.43,85.20,85.51,173746,-0.265034,-1.33%,19.7071,,
19,03/30/10,87.01,87.40,85.64,86.66,129604,-0.013829,-0.07%,19.9721,,
20,03/29/10,85.56,86.88,85.11,86.72,216831,0.394095,2.01%,19.9859,,
21,03/26/10,85.33,86.116,84.40,85.01,164445,-0.152107,-0.77%,19.5918,,
22,03/25/10,85.90,86.61,85.17,85.67,228052,-0.023046,-0.12%,19.7439,,
23,03/24/10,87.50,87.74,85.72,85.77,302278,-0.502414,-2.48%,19.767,,
24,03/23/10,86.80,88.07,86.80,87.95,456540,0.241988,1.21%,20.2694,,
25,03/22/10,85.00,87.17,84.82,86.90,277079,0.410228,2.09%,20.0274,,
26,03/19/10,85.34,86.31,84.50,85.12,173180,0.018437,0.09%,19.6172,,
27,03/18/10,87.87,88.50,84.76,85.04,790152,-0.65913,-3.25%,19.5987,,
28,03/17/10,85.07,88.00,85.07,87.90,667237,0.666044,3.40%,20.2579,,
29,03/16/10,83.59,85.26,83.5225,85.01,245361,0.341088,1.77%,19.5918,,
30,03/15/10,85.27,86.11,82.70,83.53,428791,-0.488585,-2.48%,19.2507,,
31,03/12/10,82.74,85.95,82.42,85.65,805278,0.829674,4.39%,19.7393,,
32,03/11/10,80.00,82.26,79.63,82.05,450765,0.417142,2.26%,18.9097,,
33,03/10/10,77.40,81.35,77.40,80.24,797379,0.675262,3.79%,18.4925,,
34,03/09/10,76.50,77.95,76.50,77.31,323780,0.071444,0.40%,17.8172,,
35,03/08/10,77.16,78.00,76.14,77.00,489914,0.00,0.00%,17.7458,,
36,03/05/10,77.00,77.99,76.76,77.00,239654,0.0991,0.56%,17.7458,,
37,03/04/10,77.81,78.18,76.42,76.57,1008544,-0.394095,-2.18%,17.6467,,
38,03/03/10,79.10,79.49,77.39,78.28,194895,-0.149803,-0.82%,18.0408,,
39,03/02/10,78.50,79.73,78.50,78.93,232471,0.071444,0.39%,18.1906,,
40,03/01/10,77.80,79.00,77.80,78.62,360201,0.099101,0.55%,18.1192,,
41,02/26/10,78.43,78.50,77.41,78.19,555674,-0.205114,-1.13%,18.0201,,
42,02/25/10,75.49,79.30,74.46,79.08,934862,0.553115,3.13%,18.2252,,
43,02/24/10,74.32,76.81,73.83,76.68,401240,0.117538,0.67%,17.6721,,
44,02/23/10,74.24,76.90,74.24,76.17,544788,0.518546,3.04%,17.5545,,
45,02/22/10,73.25,74.94,73.25,73.92,305794,0.191286,1.14%,17.036,,
46,02/19/10,71.46,73.98,71.46,73.09,266540,0.117537,0.70%,16.8447,,
47,02/18/10,72.04,73.06,71.85,72.58,222580,0.089882,0.54%,16.7272,,
48,02/17/10,72.03,72.34,71.39,72.19,272182,0.159021,0.97%,16.6373,,
49,02/16/10,70.51,71.70,69.91,71.50,218612,0.352611,2.19%,16.4782,,
50,02/12/10,68.54,70.20,67.7905,69.97,372024,0.216637,1.36%,16.1256,,
51,02/11/10,68.04,69.6399,67.47,69.03,252906,0.170544,1.08%,15.909,,
52,02/10/10,67.30,68.65,67.05,68.29,298518,0.373354,2.43%,15.7385,,
53,02/09/10,68.10,68.30,66.30,66.67,477910,-0.145194,-0.94%,15.3651,,
54,02/08/10,69.22,69.32,67.07,67.30,286159,-0.39179,-2.46%,15.5103,,
55,02/05/10,70.40,71.57,67.62,69.00,471098,-0.099101,-0.62%,15.9021,,
56,02/04/10,71.29,71.41,69.38,69.43,657165,-0.465539,-2.83%,16.0012,,
57,02/03/10,70.79,71.91,70.79,71.45,192788,0.225856,1.39%,16.4667,,
58,02/02/10,69.08,70.78,68.79,70.47,210542,0.343394,2.16%,16.2409,,
59,02/01/10,67.62,69.07,67.40,68.98,192391,0.225856,1.44%,15.8975,,
60,01/29/10,69.55,69.94,67.76,68.00,705665,-0.405619,-2.52%,15.6716,,
61,01/28/10,72.42,72.42,69.56,69.76,399944,-0.354917,-2.16%,16.0772,,
62,01/27/10,73.06,73.18,69.45,71.30,985746,-0.458625,-2.72%,16.4322,,
63,01/26/10,74.02,74.70,73.25,73.29,918936,-0.320347,-1.86%,16.8908,,
64,01/25/10,75.00,75.00,74.22,74.68,357283,-0.02996,-0.17%,17.2111,,
65,01/22/10,76.37,76.37,74.60,74.81,461977,-0.373353,-2.12%,17.2411,,
66,01/21/10,75.81,77.45,75.49,76.43,694185,-0.002305,-0.01%,17.6144,,
67,01/20/10,75.93,76.90,74.09,76.44,1806037,-0.670653,-3.67%,17.6167,,
68,01/19/10,69.69,80.00,69.69,79.35,3490292,1.664,10.01%,18.2874,,
69,01/15/10,77.56,77.72,71.45,72.13,2116885,-1.3298,-7.41%,16.6234,,
70,01/14/10,78.50,79.43,77.69,77.90,280821,-0.230464,-1.27%,17.9532,,
71,01/13/10,77.79,79.01,77.77,78.90,178881,0.260425,1.45%,18.1837,,
72,01/12/10,78.01,78.99,77.46,77.77,209403,-0.216638,-1.19%,17.9233,,
73,01/11/10,79.14,79.63,77.36,78.71,261205,-0.225855,-1.23%,18.1399,,
74,01/08/10,78.52,80.00,78.37,79.69,350742,-0.059921,-0.33%,18.3658,,
75,01/07/10,78.95,80.00,78.59,79.95,345196,0.2973,1.64%,18.4257,,
76,01/06/10,77.15,79.13,76.66,78.66,546915,0.46093,2.61%,18.1284,,
77,01/05/10,75.52,76.97,75.42,76.66,191277,0.324956,1.87%,17.6674,,
78,01/04/10,76.64,77.05,74.97,75.25,319617,-0.082968,-0.48%,17.3425,,
79,12/31/09,76.70,76.74,75.39,75.61,92190,-0.085271,-0.49%,17.4255,,
80,12/30/09,77.47,78.49,75.85,75.98,240450,-0.649912,-3.58%,17.5107,,
81,12/29/09,78.00,79.30,77.79,78.80,316820,0.207418,1.16%,18.1606,,
82,12/28/09,76.04,78.00,76.04,77.90,179535,0.4955,2.84%,17.9532,,
83,12/24/09,76.32,76.32,75.52,75.75,54106,0.073749,0.42%,17.4577,,
84,12/23/09,77.35,77.41,74.88,75.43,285887,-0.271949,-1.54%,17.384,,
85,12/22/09,75.91,77.47,75.91,76.61,186606,0.078358,0.45%,17.6559,,
86,12/21/09,75.16,76.75,74.76,76.27,315859,0.403315,2.35%,17.5776,,
87,12/18/09,73.77,75.11,73.75,74.52,243205,0.12445,0.73%,17.1743,,
88,12/17/09,76.98,76.99,73.88,73.98,483541,-0.684481,-3.86%,17.0498,,
89,12/16/09,76.15,78.02,76.15,76.95,233808,0.0991,0.56%,17.7343,,
90,12/15/09,77.22,77.99,76.17,76.52,317501,-0.170544,-0.96%,17.6352,,
91,12/14/09,77.21,77.73,76.60,77.26,162110,0.145193,0.82%,17.8057,,
92,12/11/09,77.50,78.27,76.11,76.63,152197,-0.161326,-0.91%,17.6605,,
93,12/10/09,73.44,77.99,73.05,77.33,704426,1.127,6.75%,17.8219,,
94,12/09/09,71.99,72.7779,71.54,72.44,188592,0.073748,0.44%,16.6949,,
95,12/08/09,72.39,73.73,71.77,72.12,170502,-0.154412,-0.92%,16.6211,,
96,12/07/09,73.11,74.06,72.4264,72.79,294420,-0.006914,-0.04%,16.7755,,
97,12/04/09,73.77,73.96,72.72,72.82,293471,-0.048397,-0.29%,16.7825,,
98,12/03/09,73.37,73.82,72.84,73.03,273094,0.006914,0.04%,16.8309,,
99,12/02/09,71.55,73.42,71.55,73.00,360174,0.320346,1.94%,16.8239,,
100,12/01/09,71.52,72.40,71.20,71.61,147992,0.06914,0.42%,16.5036,,
101,11/30/09,70.85,71.64,70.33,71.31,223681,0.115233,0.71%,16.4345,,
102,11/27/09,70.61,71.455,70.16,70.81,134183,-0.255817,-1.54%,16.3192,,
103,11/25/09,71.36,72.16,71.36,71.92,1129704,0.023047,0.14%,16.575,,
104,11/24/09,72.43,72.52,71.72,71.82,290936,-0.255816,-1.52%,16.552,,
105,11/23/09,73.59,73.59,72.50,72.93,215770,0.02996,0.18%,16.8078,,
106,11/20/09,72.54,72.85,72.05,72.80,183783,0.020742,0.12%,16.7779,,
107,11/19/09,72.45,73.16,72.05,72.71,193311,-0.082967,-0.49%,16.7571,,
108,11/18/09,73.52,73.66,72.53,73.07,199700,-0.13828,-0.81%,16.8401,,
109,11/17/09,72.42,73.79,72.18,73.67,162968,0.260426,1.56%,16.9784,,
110,11/16/09,73.36,74.31,72.20,72.54,355970,-0.110623,-0.66%,16.7179,,
111,11/13/09,73.80,74.89,72.48,73.02,247660,-0.050702,-0.30%,16.8286,,
112,11/12/09,71.49,74.21,71.49,73.24,300886,0.288081,1.74%,16.8793,,
113,11/11/09,71.52,72.16,70.992,71.99,162669,0.221246,1.35%,16.5912,,
114,11/10/09,69.92,71.74,69.92,71.03,449295,0.195895,1.21%,16.3699,,
115,11/09/09,71.20,71.7581,69.95,70.18,250324,-0.034569,-0.21%,16.174,,
116,11/06/09,70.26,71.04,69.80,70.33,346741,-0.096795,-0.59%,16.2086,,
117,11/05/09,69.74,70.98,69.54,70.75,188955,0.366438,2.30%,16.3054,,
118,11/04/09,68.07,69.83,67.807,69.16,280276,0.437885,2.82%,15.939,,
119,11/03/09,67.11,67.62,66.32,67.26,572612,-0.126757,-0.81%,15.5011,,
120,11/02/09,69.84,69.97,65.921,67.81,720052,-0.467843,-2.91%,15.6278,,
121,10/30/09,71.33,72.07,69.79,69.84,400391,-0.33648,-2.05%,16.0957,,
122,10/29/09,71.26,72.51,71.01,71.30,551944,0.078358,0.48%,16.4322,,
123,10/28/09,70.95,71.50,70.59,70.96,311419,-0.076053,-0.46%,16.3538,,
124,10/27/09,71.58,72.34,70.39,71.29,279389,-0.152107,-0.92%,16.4299,,
125,10/26/09,72.33,73.00,71.72,71.95,328454,-0.087577,-0.53%,16.582,,
126,10/23/09,73.00,73.44,71.88,72.33,301539,-0.122146,-0.73%,16.6695,,
127,10/22/09,73.09,73.1825,71.83,72.86,457278,-0.156716,-0.92%,16.7917,,
128,10/21/09,73.55,75.48,73.33,73.54,584571,0.009219,0.05%,16.9484,,
129,10/20/09,74.89,75.00,70.06,73.50,2229168,-1.7976,-9.59%,16.9392,,
130,10/19/09,80.78,81.30,79.45,81.30,514758,0.260425,1.41%,18.7368,,
131,10/16/09,81.61,81.80,80.15,80.17,171770,-0.338783,-1.80%,18.4764,,
132,10/15/09,81.96,83.1675,81.22,81.64,176049,-0.03918,-0.21%,18.8152,,
133,10/14/09,83.01,83.3899,81.30,81.81,335218,-0.078358,-0.41%,18.8543,,
134,10/13/09,83.10,83.49,81.89,82.15,299864,-0.172849,-0.90%,18.9327,,
135,10/12/09,82.21,84.13,82.21,82.90,118254,0.062226,0.33%,19.1056,,
136,10/09/09,83.08,83.68,81.22,82.63,206470,-0.131365,-0.69%,19.0433,,
137,10/08/09,83.47,83.67,81.00,83.20,984562,0.082968,0.43%,19.1747,,
138,10/07/09,81.29,83.20,80.72,82.84,284331,0.440187,2.36%,19.0917,,
139,10/06/09,78.85,81.53,78.33,80.93,265871,0.656826,3.65%,18.6515,,
140,10/05/09,78.30,79.38,77.53,78.08,184700,-0.159021,-0.88%,17.9947,,
141,10/02/09,77.98,79.64,77.756,78.77,185601,0.119842,0.66%,18.1537,,
142,10/01/09,80.17,80.46,77.88,78.25,274769,-0.507024,-2.73%,18.0339,,
143,09/30/09,80.54,81.9199,78.50,80.45,235911,-0.009218,-0.05%,18.5409,,
144,09/29/09,75.13,81.75,75.13,80.49,871778,0.723662,4.06%,18.5501,,
145,09/28/09,76.93,78.59,76.82,77.35,296246,0.034568,0.19%,17.8265,,
146,09/25/09,79.29,79.43,76.63,77.20,485675,-0.548507,-2.99%,17.7919,,
147,09/24/09,81.69,82.51,79.10,79.58,310216,-0.486282,-2.58%,18.3404,,
148,09/23/09,83.99,83.99,81.57,81.69,320580,-0.470147,-2.44%,18.8267,,
149,09/22/09,81.83,84.97,80.64,83.73,880206,0.509327,2.71%,19.2968,,
150,09/21/09,78.00,82.10,77.42,81.52,633736,0.705223,3.90%,18.7875,,
1,09/18/09,77.33,78.53,76.51,78.46,188309,0.318041,1.79%,18.0823,,
2,09/17/09,76.50,77.50,76.03,77.08,321063,0.124452,0.71%,17.7642,,
3,09/16/09,75.09,76.69,74.71,76.54,208132,0.343393,1.99%,17.6398,,
4,09/15/09,74.33,75.25,74.09,75.05,182795,0.066834,0.39%,17.2964,,
5,09/14/09,73.86,74.99,73.86,74.76,140890,0.124452,0.73%,17.2296,,
6,09/11/09,72.46,74.74,72.46,74.22,283828,0.315737,1.88%,17.1051,,
7,09/10/09,71.50,73.15,71.50,72.85,266022,0.292689,1.77%,16.7894,,
8,09/09/09,69.55,71.65,69.00,71.58,321629,0.394097,2.45%,16.4967,,
9,09/08/09,70.25,70.50,69.21,69.87,224349,-0.064531,-0.40%,16.1026,,
10,09/04/09,71.43,71.68,69.81,70.15,198407,-0.096794,-0.60%,16.1671,,
11,09/03/09,69.61,70.80,68.96,70.57,247827,0.481671,3.05%,16.2639,,
12,09/02/09,67.02,69.34,66.75,68.48,273055,0.214332,1.38%,15.7822,,
13,09/01/09,70.49,70.65,67.09,67.55,465409,-0.714442,-4.39%,15.5679,,
14,08/31/09,69.95,70.78,69.08,70.65,203603,0.023046,0.14%,16.2824,,
15,08/28/09,72.35,72.35,70.21,70.55,264232,-0.419445,-2.51%,16.2593,,
16,08/27/09,72.74,73.00,71.75,72.37,212814,-0.085272,-0.51%,16.6788,,
17,08/26/09,72.31,73.07,71.61,72.74,182724,0.154411,0.93%,16.764,,
18,08/25/09,74.70,75.00,72.02,72.07,387977,-0.520851,-3.04%,16.6096,,
19,08/24/09,76.19,76.19,74.27,74.33,254925,-0.290385,-1.67%,17.1305,,
20,08/21/09,74.83,76.42,74.55,75.59,399162,0.350307,2.05%,17.4208,,
21,08/20/09,72.00,74.14,72.00,74.07,225500,0.504718,3.05%,17.0705,,
22,08/19/09,71.26,72.28,71.20,71.88,201420,0.06453,0.39%,16.5658,,
23,08/18/09,71.42,72.00,70.39,71.60,131595,0.253512,1.56%,16.5013,,
24,08/17/09,71.00,71.45,69.29,70.50,474764,-0.373354,-2.25%,16.2478,,
25,08/14/09,72.44,72.50,71.55,72.12,224967,-0.073748,-0.44%,16.6211,,
26,08/13/09,73.43,73.44,72.10,72.44,143100,-0.188982,-1.12%,16.6949,,
27,08/12/09,72.81,74.20,72.53,73.26,138365,0.036875,0.22%,16.8839,,
28,08/11/09,73.30,73.864,73.00,73.10,255876,-0.101405,-0.60%,16.847,,
29,08/10/09,75.74,76.13,73.33,73.54,409376,-0.437884,-2.52%,16.9484,,
30,08/07/09,72.75,75.79,72.75,75.44,279461,0.53007,3.14%,17.3863,,
31,08/06/09,74.31,74.33,72.89,73.14,102928,-0.269644,-1.57%,16.8562,,
32,08/05/09,74.53,75.00,73.79,74.31,337944,-0.00461,-0.03%,17.1259,,
33,08/04/09,73.17,74.45,71.70,74.33,446562,0.327261,1.95%,17.1305,,
34,08/03/09,73.52,73.75,71.65,72.91,403971,-0.135974,-0.80%,16.8032,,
35,07/31/09,72.20,74.18,72.20,73.50,382415,0.294995,1.77%,16.9392,,
36,07/30/09,70.67,72.38,70.41,72.22,277142,0.49089,3.04%,16.6442,,
37,07/29/09,68.82,70.36,68.82,70.09,295687,0.078358,0.49%,16.1533,,
38,07/28/09,70.82,70.82,69.44,69.75,288928,-0.218942,-1.34%,16.0749,,
39,07/27/09,70.49,71.57,70.00,70.70,377170,0.161326,1.00%,16.2939,,
40,07/24/09,67.68,70.18,67.68,70.00,487450,0.32265,2.04%,16.1326,,
41,07/23/09,67.27,68.70,66.32,68.60,514652,0.30652,1.98%,15.8099,,
42,07/22/09,66.31,67.83,65.52,67.27,508089,0.062225,0.40%,15.5034,,
43,07/21/09,63.03,67.17,61.34,67.00,1131882,0.69831,4.74%,15.4412,,
44,07/20/09,63.50,64.3299,63.39,63.97,593658,0.228159,1.57%,14.7428,,
45,07/17/09,63.91,63.91,62.9101,62.98,360893,-0.147497,-1.01%,14.5147,,
46,07/16/09,63.83,64.00,63.27,63.62,159225,0.043788,0.30%,14.6622,,
47,07/15/09,63.40,63.569,62.64,63.43,397223,0.122146,0.84%,14.6184,,
48,07/14/09,61.56,63.29,61.48,62.90,288165,0.470148,3.35%,14.4962,,
49,07/13/09,62.54,62.71,60.42,60.86,446892,-0.320346,-2.23%,14.0261,,
50,07/10/09,61.51,63.04,61.51,62.25,192251,0.076054,0.53%,14.3464,,
51,07/09/09,62.34,62.46,60.54,61.92,208670,0.140585,0.99%,14.2704,,
52,07/08/09,61.07,62.1986,61.00,61.31,427375,0.050702,0.36%,14.1298,,
53,07/07/09,61.51,62.57,60.95,61.09,290238,-0.265035,-1.85%,14.0791,,
54,07/06/09,63.12,63.47,61.96,62.24,282588,-0.315738,-2.15%,14.3441,,
55,07/02/09,65.00,65.14,63.36,63.61,200083,-0.352612,-2.35%,14.6599,,
56,07/01/09,67.01,67.96,65.02,65.14,348991,-0.511631,-3.30%,15.0125,,
57,06/30/09,65.95,67.64,65.95,67.36,541406,0.467843,3.11%,15.5241,,
58,06/29/09,65.07,66.03,64.07,65.33,279864,0.023047,0.15%,15.0563,,
59,06/26/09,63.87,65.54,63.03,65.23,612806,0.288082,1.95%,15.0332,,
60,06/25/09,62.58,64.27,62.11,63.98,303063,0.396399,2.76%,14.7452,,
61,06/24/09,62.00,63.67,61.75,62.26,282927,0.039178,0.27%,14.3488,,
62,06/23/09,64.39,64.39,62.01,62.09,447727,-0.324954,-2.22%,14.3096,,
63,06/22/09,63.28,63.77,62.70,63.50,561710,0.018437,0.13%,14.6345,,
64,06/19/09,63.57,64.13,63.25,63.42,635311,-0.023047,-0.16%,14.6161,,
65,06/18/09,63.32,64.14,63.07,63.52,385185,-0.089881,-0.61%,14.6391,,
66,06/17/09,60.90,64.34,60.78,63.91,742342,0.647607,4.60%,14.729,,
67,06/16/09,60.51,62.11,60.25,61.10,528952,0.138278,0.99%,14.0814,,
68,06/15/09,60.67,60.79,59.30,60.50,406243,-0.041484,-0.30%,13.9431,,
69,06/12/09,60.00,60.93,59.78,60.68,380393,-0.043788,-0.31%,13.9846,,
70,06/11/09,61.00,61.51,60.21,60.87,497875,-0.05992,-0.43%,14.0284,,
71,06/10/09,59.25,63.75,59.25,61.13,1748166,0.36644,2.67%,14.0883,,
72,06/09/09,57.15,60.15,56.93,59.54,759338,0.490889,3.71%,13.7219,,
73,06/08/09,58.08,58.08,56.50,57.41,376887,-0.140583,-1.05%,13.231,,
74,06/05/09,58.50,58.64,57.50,58.02,471467,-0.025351,-0.19%,13.3716,,
75,06/04/09,58.38,58.68,56.60,58.13,864568,0.025351,0.19%,13.3969,,
76,06/03/09,58.53,59.95,57.80,58.02,563746,-0.278862,-2.04%,13.3716,,
77,06/02/09,58.40,59.63,57.38,59.23,417939,0.034568,0.25%,13.6504,,
78,06/01/09,55.00,60.00,55.00,59.08,653379,0.949517,7.50%,13.6159,,
79,05/29/09,55.68,55.68,54.47,54.96,275589,-0.057616,-0.45%,12.6664,,
80,05/28/09,56.36,56.37,54.86,55.21,214536,-0.26273,-2.02%,12.724,,
81,05/27/09,53.60,57.42,53.60,56.35,732305,0.301909,2.38%,12.9867,,
82,05/26/09,54.19,55.46,53.97,55.04,343137,0.188982,1.51%,12.6848,,
83,05/22/09,56.46,56.47,54.00,54.22,254374,-0.345699,-2.69%,12.4958,,
84,05/21/09,55.26,57.38,55.10,55.72,753060,-0.071445,-0.55%,12.8415,,
85,05/20/09,54.89,57.10,54.40,56.03,540944,0.373355,2.98%,12.913,,
86,05/19/09,53.62,54.87,52.65,54.41,324975,0.22816,1.85%,12.5396,,
87,05/18/09,51.28,53.80,50.96,53.42,529030,0.493195,4.17%,12.3114,,
88,05/15/09,52.95,53.20,50.78,51.28,783038,-0.442492,-3.61%,11.8182,,
89,05/14/09,53.20,54.05,52.70,53.20,360956,0.046093,0.38%,12.2607,,
90,05/13/09,53.29,53.65,52.78,53.00,513216,-0.112929,-0.92%,12.2146,,
91,05/12/09,53.56,53.97,52.87,53.49,247567,0.043789,0.36%,12.3276,,
92,05/11/09,52.50,54.71,52.50,53.30,433819,-0.076053,-0.62%,12.2838,,
93,05/08/09,55.96,56.45,53.13,53.63,794023,-0.57386,-4.44%,12.3598,,
94,05/07/09,56.50,57.023,55.13,56.12,592189,-0.039178,-0.30%,12.9337,,
95,05/06/09,56.74,57.25,55.62,56.29,930976,-0.147496,-1.12%,12.9729,,
96,05/05/09,56.00,57.12,54.40,56.93,814021,0.108318,0.83%,13.1204,,
97,05/04/09,53.74,56.63,53.19,56.46,834488,0.861939,7.09%,13.0121,,
98,05/01/09,52.72,53.35,52.0001,52.72,419854,-0.05992,-0.49%,12.1501,,
99,04/30/09,52.58,53.95,51.88,52.98,1237215,0.336478,2.83%,12.21,,
100,04/29/09,52.86,53.50,51.11,51.52,745424,-0.145193,-1.21%,11.8736,,
101,04/28/09,53.47,53.64,51.89,52.15,468524,-0.350308,-2.83%,12.0188,,
102,04/27/09,54.16,54.98,53.16,53.67,327407,-0.182067,-1.45%,12.3691,,
103,04/24/09,51.85,55.00,51.85,54.46,619221,0.599209,5.01%,12.5511,,
104,04/23/09,52.14,52.52,51.01,51.86,961494,-0.032266,-0.27%,11.9519,,
105,04/22/09,51.68,52.86,50.83,52.00,823501,-0.19359,-1.59%,11.9842,,
106,04/21/09,51.02,52.99,49.62,52.84,1011187,0.36644,3.10%,12.1778,,
107,04/20/09,50.35,51.493,50.25,51.25,986357,-0.089882,-0.76%,11.8113,,
108,04/17/09,49.85,52.72,49.38,51.64,792868,0.507024,4.45%,11.9012,,
109,04/16/09,50.45,51.24,47.04,49.44,1960754,-0.205114,-1.77%,11.3942,,
110,04/15/09,53.50,54.04,49.71,50.33,767312,-0.702917,-5.71%,11.5993,,
111,04/14/09,52.17,54.66,52.07,53.38,873616,0.232768,1.93%,12.3022,,
112,04/13/09,52.77,54.30,52.20,52.37,367211,-0.066835,-0.55%,12.0695,,
113,04/09/09,53.00,53.49,52.05,52.66,436567,0.078358,0.65%,12.1363,,
114,04/08/09,51.88,52.878,51.24,52.32,352325,0.092186,0.77%,12.0579,,
115,04/07/09,52.12,52.56,51.38,51.92,456991,-0.179762,-1.48%,11.9657,,
116,04/06/09,52.34,52.98,52.10,52.70,291256,0.020742,0.17%,12.1455,,
117,04/03/09,53.67,53.67,51.20,52.61,386514,-0.053008,-0.44%,12.1248,,
118,04/02/09,51.44,53.40,50.84,52.84,594366,0.608429,5.26%,12.1778,,
119,04/01/09,48.64,50.45,48.46,50.20,366115,-0.011524,-0.10%,11.5693,,
120,03/31/09,51.00,52.00,49.84,50.25,598131,-0.119841,-1.02%,11.5809,,
121,03/30/09,51.37,51.37,49.36,50.77,631676,-0.288082,-2.40%,11.7007,,
122,03/27/09,52.19,52.37,50.5018,52.02,526868,-0.055311,-0.46%,11.9888,,
123,03/26/09,51.15,52.60,51.00,52.26,415666,0.230464,1.95%,12.0441,,
124,03/25/09,51.95,53.6799,50.53,51.26,621092,-0.006914,-0.06%,11.8136,,
125,03/24/09,48.80,52.66,48.80,51.29,740203,0.405619,3.55%,11.8206,,
126,03/23/09,48.05,49.78,47.59,49.53,479553,0.500109,4.58%,11.4149,,
127,03/20/09,46.38,47.50,46.24,47.36,455869,0.161326,1.50%,10.9148,,
128,03/19/09,47.30,48.19,46.46,46.66,443729,-0.149802,-1.37%,10.7535,,
129,03/18/09,45.97,47.50,45.508,47.31,375310,0.308822,2.91%,10.9033,,
130,03/17/09,45.01,46.78,45.00,45.97,563621,0.082967,0.79%,10.5945,,
131,03/16/09,47.01,47.03,44.18,45.61,795121,-0.32265,-2.98%,10.5115,,
132,03/13/09,46.05,47.15,45.00,47.01,556193,0.126755,1.18%,10.8342,,
133,03/12/09,44.15,46.77,43.91,46.46,537852,0.472453,4.62%,10.7074,,
134,03/11/09,43.02,45.00,43.00,44.41,368693,0.029961,0.29%,10.235,,
135,03/10/09,41.16,44.40,41.16,44.28,564499,0.682176,7.16%,10.205,,
136,03/09/09,40.88,42.00,40.88,41.32,445893,-0.179761,-1.85%,9.5228,,
137,03/06/09,41.56,42.34,41.01,42.10,629742,0.023046,0.24%,9.7026,,
138,03/05/09,41.93,43.40,41.29,42.00,435328,-0.278863,-2.80%,9.6795,,
139,03/04/09,43.55,44.35,43.16,43.21,675550,0.159021,1.62%,9.9584,,
140,03/03/09,42.04,43.13,41.62,42.52,611742,0.235074,2.46%,9.7994,,
141,03/02/09,43.21,44.46,41.16,41.50,504315,-0.753621,-7.30%,9.5643,,
142,02/27/09,42.73,45.48,42.70,44.77,485424,0.152107,1.50%,10.3179,,
143,02/26/09,44.25,44.50,42.84,44.11,762490,0.004609,0.05%,10.1658,,
144,02/25/09,43.28,44.59,43.27,44.09,650260,0.011524,0.11%,10.1612,,
145,02/24/09,44.99,45.12,42.81,44.04,770395,-0.172849,-1.67%,10.1497,,
146,02/23/09,43.22,45.05,42.18,44.79,1185572,0.389486,3.92%,10.3225,,
147,02/20/09,40.99,43.26,40.99,43.10,771564,0.465539,4.92%,9.933,,
148,02/19/09,42.06,42.92,40.93,41.08,974654,-0.011523,-0.12%,9.4675,,
149,02/18/09,41.21,42.30,40.38,41.13,899623,0.053007,0.56%,9.479,,
150,02/17/09,40.45,41.75,38.93,40.90,1294987,-0.055312,-0.58%,9.426,,
1,02/13/09,40.99,43.95,40.91,41.14,1996491,0.046093,0.49%,9.4813,,
2,02/12/09,42.00,43.33,38.04,40.94,5539484,-2.8094,-22.94%,9.4352,,
3,02/11/09,56.30,56.88,52.63,53.13,1041678,-0.633777,-4.92%,12.2446,,
4,02/10/09,53.42,57.23,52.34,55.88,732125,0.403314,3.23%,12.8784,,
5,02/09/09,54.68,54.69,52.92,54.13,354037,-0.159023,-1.26%,12.4751,,
6,02/06/09,51.91,55.03,51.86,54.82,649992,0.649911,5.42%,12.6341,,
7,02/05/09,53.80,54.00,51.12,52.00,893920,-0.460929,-3.70%,11.9842,,
8,02/04/09,52.47,54.50,52.47,54.00,751213,0.352611,2.92%,12.4451,,
9,02/03/09,50.04,53.31,49.51,52.47,732782,0.592295,5.15%,12.0925,,
10,02/02/09,47.88,50.31,47.06,49.90,413599,0.474759,4.31%,11.5002,,
11,01/30/09,49.54,50.12,47.59,47.84,489396,-0.39179,-3.43%,11.0254,,
12,01/29/09,50.50,50.85,49.18,49.54,325372,-0.26273,-2.25%,11.4172,,
13,01/28/09,50.69,51.72,49.67,50.68,405263,0.122146,1.06%,11.68,,
14,01/27/09,49.87,50.60,49.19,50.15,259224,0.191285,1.68%,11.5578,,
15,01/26/09,51.20,51.20,49.17,49.32,639434,-0.232769,-2.01%,11.3665,,
16,01/23/09,49.37,51.10,49.34,50.33,413313,0.013827,0.12%,11.5993,,
17,01/22/09,51.90,51.90,49.88,50.27,567342,-0.198198,-1.68%,11.5855,,
18,01/21/09,51.73,52.34,49.88,51.13,893265,0.168239,1.45%,11.7837,,
19,01/20/09,53.53,54.00,48.22,50.40,787836,-0.85733,-6.87%,11.6154,,
20,01/16/09,54.82,55.83,51.56,54.12,600505,-0.080663,-0.64%,12.4728,,
21,01/15/09,50.58,55.00,50.23,54.47,935329,0.68909,5.81%,12.5534,,
22,01/14/09,50.14,51.98,50.02,51.48,588947,-0.147498,-1.23%,11.8643,,
23,01/13/09,49.98,52.52,49.40,52.12,771173,0.744403,6.61%,12.0118,,
24,01/12/09,48.26,49.51,48.26,48.89,387174,-0.025351,-0.22%,11.2674,,
25,01/09/09,48.99,50.60,48.00,49.00,523144,0.214333,1.93%,11.2928,,
26,01/08/09,47.84,48.28,47.00,48.07,577474,0.050701,0.46%,11.0785,,
27,01/07/09,51.00,51.00,47.19,47.85,1047051,-0.986391,-8.21%,11.0278,,
28,01/06/09,55.36,55.80,52.10,52.13,773475,-0.749011,-5.87%,12.0141,,
29,01/05/09,56.99,57.47,54.42,55.38,516257,-0.209723,-1.62%,12.7632,,
30,01/02/09,55.74,56.72,54.66,56.29,269608,0.318041,2.51%,12.9729,,
